40 0 0.06 1000
40 0 0.04 1000
40 0 0.02 1000
40 0 0 1000
40 0 0.1 1000
40 0 0.08 1000
40 0 0.12 1000
40 0 0.14 1000
40 0 0.16 1000
40 0 0.18 1000
40 0 0.2 1000
40 0 0.22 1000
40 0 0.24 1000
40 0 0.3 1000
40 0 0.26 1000
40 0 0.28 1000
40 0 0.32 1000
40 0 0.38 1000
40 0 0.34 1000
40 0 0.36 1000
40 0 0.4 1000
40 0 0.42 1000
40 0 0.44 1000
40 0 0.48 1000
40 0 0.46 1000
40 0 0.5 1000
40 0 0.52 1000
40 0 0.58 1000
40 0 0.54 1000
40 0 0.56 1000
40 0 0.6 1000
40 0 0.62 1000
40 0 0.66 1000
40 0 0.64 1000
40 0 0.68 1000
40 0 0.7 1000
40 0 0.72 1000
40 0 0.74 1000
40 0 0.76 1000
40 0 0.8 1000
40 0 0.78 1000
40 0 0.82 1000
40 0 0.86 1000
40 0 0.84 1000
40 0 0.88 1000
40 0 0.9 1000
40 0 0.92 1000
40 0 0.94 1000
40 0 0.96 1000
40 0 0.98 1000
40 0 1 1000
40 0.02 0 215
40 0.02 0.02 212
40 0.02 0.04 231
40 0.02 0.06 266
40 0.02 0.08 342
40 0.02 0.1 545
40 0.02 0.12 822
40 0.02 0.14 1000
40 0.02 0.16 1000
40 0.02 0.18 1000
40 0.02 0.2 1000
40 0.02 0.22 1000
40 0.02 0.24 1000
40 0.02 0.26 1000
40 0.02 0.28 1000
40 0.02 0.32 1000
40 0.02 0.3 1000
40 0.02 0.36 1000
40 0.02 0.38 1000
40 0.02 0.34 1000
40 0.02 0.4 1000
40 0.02 0.42 1000
40 0.02 0.44 1000
40 0.02 0.46 1000
40 0.02 0.48 1000
40 0.02 0.52 1000
40 0.02 0.54 1000
40 0.02 0.5 1000
40 0.02 0.56 1000
40 0.02 0.58 1000
40 0.02 0.6 1000
40 0.02 0.62 1000
40 0.02 0.64 1000
40 0.02 0.68 1000
40 0.02 0.66 1000
40 0.02 0.7 1000
40 0.02 0.72 1000
40 0.02 0.74 1000
40 0.02 0.76 1000
40 0.02 0.78 1000
40 0.02 0.8 1000
40 0.02 0.82 1000
40 0.02 0.86 1000
40 0.02 0.84 1000
40 0.02 0.88 1000
40 0.02 0.9 1000
40 0.02 0.94 1000
40 0.02 0.96 1000
40 0.02 0.92 1000
40 0.04 0.02 123
40 0.02 1 1000
40 0.04 0 118
40 0.02 0.98 1000
40 0.04 0.06 126
40 0.04 0.08 128
40 0.04 0.04 120
40 0.04 0.1 139
40 0.04 0.12 178
40 0.04 0.16 236
40 0.04 0.14 195
40 0.04 0.18 335
40 0.04 0.2 413
40 0.04 0.24 476
40 0.04 0.22 768
40 0.04 0.26 959
40 0.04 0.28 1000
40 0.04 0.3 1000
40 0.04 0.32 1000
40 0.04 0.34 1000
40 0.04 0.36 1000
40 0.04 0.4 1000
40 0.04 0.38 1000
40 0.04 0.42 1000
40 0.04 0.44 1000
40 0.04 0.48 1000
40 0.04 0.46 1000
40 0.04 0.5 1000
40 0.04 0.52 1000
40 0.04 0.54 1000
40 0.04 0.56 1000
40 0.04 0.58 1000
40 0.04 0.6 1000
40 0.04 0.62 1000
40 0.04 0.64 1000
40 0.04 0.66 1000
40 0.04 0.68 1000
40 0.04 0.7 1000
40 0.04 0.72 1000
40 0.04 0.74 1000
40 0.04 0.76 1000
40 0.04 0.78 1000
40 0.04 0.8 1000
40 0.04 0.82 1000
40 0.04 0.84 1000
40 0.04 0.86 1000
40 0.04 0.88 1000
40 0.04 0.92 1000
40 0.04 0.9 1000
40 0.04 0.94 1000
40 0.04 0.96 1000
40 0.04 0.98 1000
40 0.04 1 1000
40 0.06 0 90
40 0.06 0.02 91
40 0.06 0.04 85
40 0.06 0.06 77
40 0.06 0.08 89
40 0.06 0.1 96
40 0.06 0.12 90
40 0.06 0.14 98
40 0.06 0.16 94
40 0.06 0.18 113
40 0.06 0.2 137
40 0.06 0.22 142
40 0.06 0.24 220
40 0.06 0.26 247
40 0.06 0.28 227
40 0.06 0.3 364
40 0.06 0.32 302
40 0.06 0.34 326
40 0.06 0.36 605
40 0.06 0.38 1000
40 0.06 0.42 1000
40 0.06 0.4 1000
40 0.06 0.44 643
40 0.06 0.46 1000
40 0.06 0.48 1000
40 0.06 0.5 1000
40 0.06 0.54 1000
40 0.06 0.58 1000
40 0.06 0.52 1000
40 0.06 0.56 1000
40 0.06 0.6 1000
40 0.06 0.62 1000
40 0.06 0.64 1000
40 0.06 0.66 1000
40 0.06 0.7 1000
40 0.06 0.74 1000
40 0.06 0.68 1000
40 0.06 0.72 1000
40 0.06 0.76 1000
40 0.06 0.78 1000
40 0.06 0.8 1000
40 0.06 0.82 1000
40 0.06 0.84 1000
40 0.06 0.86 1000
40 0.06 0.88 1000
40 0.06 0.9 1000
40 0.06 0.94 1000
40 0.06 0.92 1000
40 0.06 0.96 1000
40 0.06 0.98 1000
40 0.08 0 66
40 0.08 0.02 69
40 0.06 1 1000
40 0.08 0.04 68
40 0.08 0.06 65
40 0.08 0.08 64
40 0.08 0.1 69
40 0.08 0.12 69
40 0.08 0.14 73
40 0.08 0.16 74
40 0.08 0.18 82
40 0.08 0.22 85
40 0.08 0.24 92
40 0.08 0.2 78
40 0.08 0.3 140
40 0.08 0.32 133
40 0.08 0.26 90
40 0.08 0.28 109
40 0.08 0.34 183
40 0.08 0.36 275
40 0.08 0.38 341
40 0.08 0.4 271
40 0.08 0.42 521
40 0.08 0.44 1000
40 0.08 0.46 1000
40 0.08 0.48 1000
40 0.08 0.5 1000
40 0.08 0.52 1000
40 0.08 0.54 1000
40 0.08 0.56 1000
40 0.08 0.62 1000
40 0.08 0.58 1000
40 0.08 0.6 1000
40 0.08 0.64 1000
40 0.08 0.66 1000
40 0.08 0.7 1000
40 0.08 0.68 1000
40 0.08 0.72 1000
40 0.08 0.74 1000
40 0.08 0.78 1000
40 0.08 0.76 1000
40 0.08 0.8 1000
40 0.08 0.82 1000
40 0.08 0.84 1000
40 0.08 0.88 1000
40 0.08 0.86 1000
40 0.08 0.9 1000
40 0.08 0.92 1000
40 0.08 0.96 1000
40 0.08 0.94 1000
40 0.08 0.98 1000
40 0.08 1 1000
40 0.1 0.02 57
40 0.1 0 57
40 0.1 0.04 53
40 0.1 0.06 57
40 0.1 0.08 55
40 0.1 0.1 57
40 0.1 0.12 56
40 0.1 0.16 61
40 0.1 0.14 60
40 0.1 0.18 59
40 0.1 0.2 61
40 0.1 0.22 61
40 0.1 0.26 71
40 0.1 0.24 67
40 0.1 0.28 69
40 0.1 0.3 74
40 0.1 0.34 103
40 0.1 0.32 89
40 0.1 0.36 105
40 0.1 0.38 118
40 0.1 0.4 125
40 0.1 0.42 202
40 0.1 0.44 429
40 0.1 0.46 395
40 0.1 0.5 277
40 0.1 0.48 218
40 0.1 0.52 261
40 0.1 0.54 1000
40 0.1 0.56 529
40 0.1 0.58 1000
40 0.1 0.6 1000
40 0.1 0.62 1000
40 0.1 0.64 339
40 0.1 0.66 1000
40 0.1 0.68 1000
40 0.1 0.7 1000
40 0.1 0.72 694
40 0.1 0.74 1000
40 0.1 0.76 1000
40 0.1 0.78 1000
40 0.1 0.8 1000
40 0.1 0.82 1000
40 0.1 0.84 1000
40 0.1 0.86 1000
40 0.1 0.88 1000
40 0.1 0.9 1000
40 0.1 0.92 1000
40 0.1 0.96 1000
40 0.1 0.94 1000
40 0.1 0.98 1000
40 0.12 0 47
40 0.1 1 1000
40 0.12 0.02 50
40 0.12 0.04 52
40 0.12 0.06 48
40 0.12 0.08 48
40 0.12 0.1 52
40 0.12 0.12 48
40 0.12 0.14 52
40 0.12 0.16 49
40 0.12 0.2 49
40 0.12 0.18 53
40 0.12 0.22 50
40 0.12 0.24 51
40 0.12 0.26 53
40 0.12 0.28 52
40 0.12 0.3 58
40 0.12 0.32 66
40 0.12 0.34 66
40 0.12 0.36 68
40 0.12 0.4 94
40 0.12 0.38 83
40 0.12 0.44 125
40 0.12 0.42 106
40 0.12 0.46 178
40 0.12 0.48 194
40 0.12 0.52 177
40 0.12 0.5 246
40 0.12 0.54 224
40 0.12 0.56 802
40 0.12 0.58 1000
40 0.12 0.6 1000
40 0.12 0.62 840
40 0.12 0.64 1000
40 0.12 0.66 1000
40 0.12 0.68 1000
40 0.12 0.7 1000
40 0.12 0.72 1000
40 0.12 0.74 1000
40 0.12 0.76 1000
40 0.12 0.78 1000
40 0.12 0.8 1000
40 0.12 0.84 1000
40 0.12 0.82 1000
40 0.12 0.86 1000
40 0.12 0.88 1000
40 0.12 0.9 1000
40 0.12 0.92 1000
40 0.12 0.94 1000
40 0.12 0.96 1000
40 0.12 0.98 1000
40 0.14 0 43
40 0.12 1 1000
40 0.14 0.02 43
40 0.14 0.04 42
40 0.14 0.08 43
40 0.14 0.06 42
40 0.14 0.1 42
40 0.14 0.14 43
40 0.14 0.12 44
40 0.14 0.16 44
40 0.14 0.18 43
40 0.14 0.2 45
40 0.14 0.22 49
40 0.14 0.24 47
40 0.14 0.26 50
40 0.14 0.28 49
40 0.14 0.3 49
40 0.14 0.32 52
40 0.14 0.34 53
40 0.14 0.36 57
40 0.14 0.38 63
40 0.14 0.4 64
40 0.14 0.42 84
40 0.14 0.44 96
40 0.14 0.46 83
40 0.14 0.5 95
40 0.14 0.48 113
40 0.14 0.52 171
40 0.14 0.54 159
40 0.14 0.56 194
40 0.14 0.58 203
40 0.14 0.62 176
40 0.14 0.6 433
40 0.14 0.64 661
40 0.14 0.66 1000
40 0.14 0.7 1000
40 0.14 0.68 1000
40 0.14 0.72 1000
40 0.14 0.74 1000
40 0.14 0.78 1000
40 0.14 0.76 1000
40 0.14 0.8 1000
40 0.14 0.82 1000
40 0.14 0.86 1000
40 0.14 0.88 1000
40 0.14 0.84 1000
40 0.14 0.9 1000
40 0.14 0.92 1000
40 0.14 0.98 1000
40 0.14 0.94 1000
40 0.14 0.96 1000
40 0.16 0.02 41
40 0.16 0 42
40 0.16 0.04 44
40 0.14 1 1000
40 0.16 0.06 40
40 0.16 0.12 44
40 0.16 0.08 44
40 0.16 0.1 40
40 0.16 0.14 46
40 0.16 0.16 46
40 0.16 0.18 44
40 0.16 0.2 44
40 0.16 0.22 45
40 0.16 0.24 44
40 0.16 0.28 49
40 0.16 0.26 47
40 0.16 0.32 47
40 0.16 0.3 47
40 0.16 0.34 51
40 0.16 0.36 50
40 0.16 0.38 48
40 0.16 0.4 54
40 0.16 0.42 51
40 0.16 0.44 58
40 0.16 0.48 93
40 0.16 0.46 66
40 0.16 0.5 85
40 0.16 0.52 78
40 0.16 0.54 154
40 0.16 0.56 154
40 0.16 0.58 131
40 0.16 0.6 162
40 0.16 0.62 128
40 0.16 0.68 281
40 0.16 0.66 652
40 0.16 0.64 997
40 0.16 0.72 1000
40 0.16 0.7 1000
40 0.16 0.74 1000
40 0.16 0.76 1000
40 0.16 0.78 1000
40 0.16 0.8 1000
40 0.16 0.84 1000
40 0.16 0.82 1000
40 0.16 0.86 1000
40 0.16 0.88 1000
40 0.16 0.9 1000
40 0.16 0.92 1000
40 0.16 0.94 1000
40 0.16 0.98 1000
40 0.16 0.96 1000
40 0.16 1 1000
40 0.18 0 40
40 0.18 0.02 37
40 0.18 0.08 37
40 0.18 0.04 38
40 0.18 0.06 38
40 0.18 0.1 39
40 0.18 0.14 39
40 0.18 0.18 38
40 0.18 0.12 39
40 0.18 0.16 41
40 0.18 0.2 40
40 0.18 0.22 40
40 0.18 0.24 42
40 0.18 0.26 43
40 0.18 0.28 42
40 0.18 0.32 47
40 0.18 0.3 46
40 0.18 0.34 46
40 0.18 0.36 43
40 0.18 0.38 43
40 0.18 0.42 46
40 0.18 0.4 45
40 0.18 0.44 47
40 0.18 0.48 54
40 0.18 0.46 55
40 0.18 0.5 65
40 0.18 0.52 59
40 0.18 0.54 68
40 0.18 0.56 73
40 0.18 0.58 111
40 0.18 0.6 127
40 0.18 0.62 126
40 0.18 0.64 175
40 0.18 0.66 137
40 0.18 0.68 203
40 0.18 0.7 704
40 0.18 0.72 184
40 0.18 0.74 1000
40 0.18 0.76 226
40 0.18 0.78 1000
40 0.18 0.82 207
40 0.18 0.8 1000
40 0.18 0.84 1000
40 0.18 0.86 1000
40 0.18 0.88 1000
40 0.18 0.9 1000
40 0.18 0.96 1000
40 0.18 0.92 1000
40 0.18 0.94 1000
40 0.18 0.98 1000
40 0.2 0 33
40 0.2 0.02 33
40 0.18 1 1000
40 0.2 0.04 34
40 0.2 0.06 30
40 0.2 0.08 33
40 0.2 0.12 33
40 0.2 0.14 34
40 0.2 0.1 34
40 0.2 0.16 34
40 0.2 0.18 38
40 0.2 0.2 36
40 0.2 0.22 36
40 0.2 0.26 35
40 0.2 0.24 36
40 0.2 0.28 35
40 0.2 0.32 38
40 0.2 0.3 35
40 0.2 0.34 41
40 0.2 0.36 42
40 0.2 0.4 41
40 0.2 0.38 43
40 0.2 0.42 44
40 0.2 0.44 44
40 0.2 0.46 41
40 0.2 0.48 44
40 0.2 0.5 49
40 0.2 0.52 48
40 0.2 0.54 61
40 0.2 0.56 74
40 0.2 0.6 70
40 0.2 0.58 63
40 0.2 0.62 93
40 0.2 0.66 93
40 0.2 0.64 117
40 0.2 0.68 158
40 0.2 0.7 335
40 0.2 0.74 200
40 0.2 0.72 582
40 0.2 0.76 1000
40 0.2 0.78 1000
40 0.2 0.8 1000
40 0.2 0.82 1000
40 0.2 0.84 1000
40 0.2 0.9 227
40 0.2 0.86 1000
40 0.2 0.88 1000
40 0.2 0.92 1000
40 0.2 0.94 1000
40 0.2 0.98 1000
40 0.2 0.96 1000
40 0.22 0 33
40 0.22 0.02 34
40 0.22 0.04 32
40 0.2 1 1000
40 0.22 0.06 35
40 0.22 0.12 31
40 0.22 0.08 32
40 0.22 0.14 35
40 0.22 0.1 32
40 0.22 0.16 35
40 0.22 0.18 37
40 0.22 0.22 33
40 0.22 0.2 37
40 0.22 0.24 37
40 0.22 0.26 35
40 0.22 0.28 35
40 0.22 0.3 36
40 0.22 0.32 37
40 0.22 0.34 38
40 0.22 0.36 39
40 0.22 0.38 37
40 0.22 0.4 39
40 0.22 0.44 42
40 0.22 0.42 40
40 0.22 0.46 42
40 0.22 0.48 45
40 0.22 0.52 47
40 0.22 0.5 45
40 0.22 0.54 51
40 0.22 0.56 47
40 0.22 0.58 55
40 0.22 0.6 59
40 0.22 0.62 73
40 0.22 0.64 68
40 0.22 0.66 83
40 0.22 0.72 218
40 0.22 0.68 139
40 0.22 0.7 134
40 0.22 0.74 149
40 0.22 0.8 294
40 0.22 0.76 384
40 0.22 0.82 286
40 0.22 0.78 1000
40 0.22 0.86 867
40 0.22 0.84 732
40 0.22 0.88 1000
40 0.22 0.9 1000
40 0.22 0.92 1000
40 0.22 0.94 1000
40 0.22 0.96 1000
40 0.22 0.98 1000
40 0.24 0.02 31
40 0.24 0 30
40 0.24 0.04 31
40 0.22 1 1000
40 0.24 0.08 32
40 0.24 0.06 32
40 0.24 0.1 31
40 0.24 0.12 30
40 0.24 0.14 30
40 0.24 0.16 32
40 0.24 0.18 32
40 0.24 0.2 33
40 0.24 0.22 33
40 0.24 0.26 32
40 0.24 0.24 34
40 0.24 0.28 31
40 0.24 0.3 33
40 0.24 0.32 34
40 0.24 0.36 34
40 0.24 0.34 32
40 0.24 0.38 35
40 0.24 0.4 35
40 0.24 0.42 36
40 0.24 0.44 37
40 0.24 0.46 37
40 0.24 0.48 37
40 0.24 0.5 39
40 0.24 0.52 40
40 0.24 0.54 42
40 0.24 0.56 45
40 0.24 0.6 48
40 0.24 0.58 45
40 0.24 0.62 51
40 0.24 0.64 60
40 0.24 0.68 76
40 0.24 0.66 58
40 0.24 0.7 77
40 0.24 0.72 104
40 0.24 0.76 129
40 0.24 0.74 108
40 0.24 0.8 183
40 0.24 0.78 158
40 0.24 0.82 132
40 0.24 0.86 221
40 0.24 0.84 1000
40 0.24 0.88 1000
40 0.24 0.9 1000
40 0.24 0.92 651
40 0.24 0.94 1000
40 0.24 0.96 1000
40 0.24 0.98 1000
40 0.26 0 33
40 0.24 1 1000
40 0.26 0.02 34
40 0.26 0.04 34
40 0.26 0.06 31
40 0.26 0.08 32
40 0.26 0.12 32
40 0.26 0.1 33
40 0.26 0.14 32
40 0.26 0.16 32
40 0.26 0.18 31
40 0.26 0.2 31
40 0.26 0.24 30
40 0.26 0.22 31
40 0.26 0.26 31
40 0.26 0.28 30
40 0.26 0.32 31
40 0.26 0.3 30
40 0.26 0.36 31
40 0.26 0.34 31
40 0.26 0.38 30
40 0.26 0.4 31
40 0.26 0.42 32
40 0.26 0.44 33
40 0.26 0.46 31
40 0.26 0.48 35
40 0.26 0.5 36
40 0.26 0.52 36
40 0.26 0.54 38
40 0.26 0.56 42
40 0.26 0.58 38
40 0.26 0.6 45
40 0.26 0.62 43
40 0.26 0.64 48
40 0.26 0.66 60
40 0.26 0.68 58
40 0.26 0.7 88
40 0.26 0.76 125
40 0.26 0.72 78
40 0.26 0.74 82
40 0.26 0.78 107
40 0.26 0.82 158
40 0.26 0.8 328
40 0.26 0.84 362
40 0.26 0.86 347
40 0.26 0.88 219
40 0.26 0.94 1000
40 0.26 0.9 840
40 0.26 0.92 1000
40 0.26 0.96 1000
40 0.26 0.98 1000
40 0.28 0 30
40 0.28 0.02 30
40 0.26 1 1000
40 0.28 0.06 30
40 0.28 0.04 30
40 0.28 0.08 30
40 0.28 0.1 31
40 0.28 0.12 30
40 0.28 0.14 31
40 0.28 0.16 32
40 0.28 0.18 31
40 0.28 0.22 31
40 0.28 0.24 30
40 0.28 0.2 31
40 0.28 0.26 29
40 0.28 0.3 32
40 0.28 0.28 30
40 0.28 0.32 31
40 0.28 0.34 30
40 0.28 0.38 33
40 0.28 0.36 33
40 0.28 0.4 34
40 0.28 0.42 33
40 0.28 0.46 32
40 0.28 0.48 33
40 0.28 0.44 32
40 0.28 0.5 34
40 0.28 0.52 37
40 0.28 0.54 36
40 0.28 0.56 39
40 0.28 0.58 41
40 0.28 0.6 43
40 0.28 0.64 46
40 0.28 0.62 44
40 0.28 0.66 47
40 0.28 0.7 75
40 0.28 0.68 47
40 0.28 0.72 48
40 0.28 0.74 76
40 0.28 0.76 104
40 0.28 0.78 132
40 0.28 0.84 195
40 0.28 0.8 143
40 0.28 0.82 151
40 0.28 0.86 133
40 0.28 0.9 596
40 0.28 0.88 110
40 0.28 0.92 176
40 0.28 0.94 1000
40 0.28 0.96 1000
40 0.28 1 418
40 0.3 0 28
40 0.28 0.98 1000
40 0.3 0.02 28
40 0.3 0.04 27
40 0.3 0.06 28
40 0.3 0.12 29
40 0.3 0.08 28
40 0.3 0.1 31
40 0.3 0.14 31
40 0.3 0.16 29
40 0.3 0.2 30
40 0.3 0.22 30
40 0.3 0.18 30
40 0.3 0.26 30
40 0.3 0.24 30
40 0.3 0.28 31
40 0.3 0.3 32
40 0.3 0.34 33
40 0.3 0.32 34
40 0.3 0.36 32
40 0.3 0.38 29
40 0.3 0.42 30
40 0.3 0.4 31
40 0.3 0.44 32
40 0.3 0.46 32
40 0.3 0.48 33
40 0.3 0.52 35
40 0.3 0.5 33
40 0.3 0.54 33
40 0.3 0.56 35
40 0.3 0.58 35
40 0.3 0.6 37
40 0.3 0.62 36
40 0.3 0.64 39
40 0.3 0.68 41
40 0.3 0.66 38
40 0.3 0.7 43
40 0.3 0.74 66
40 0.3 0.76 76
40 0.3 0.72 56
40 0.3 0.78 69
40 0.3 0.8 148
40 0.3 0.82 106
40 0.3 0.84 140
40 0.3 0.86 261
40 0.3 0.9 569
40 0.3 0.88 305
40 0.3 0.92 348
40 0.3 0.94 1000
40 0.3 0.96 1000
40 0.32 0 28
40 0.3 1 1000
40 0.3 0.98 1000
40 0.32 0.02 27
40 0.32 0.04 27
40 0.32 0.08 29
40 0.32 0.06 29
40 0.32 0.12 28
40 0.32 0.14 28
40 0.32 0.1 28
40 0.32 0.16 29
40 0.32 0.2 29
40 0.32 0.18 28
40 0.32 0.22 28
40 0.32 0.24 28
40 0.32 0.26 28
40 0.32 0.28 28
40 0.32 0.32 29
40 0.32 0.3 28
40 0.32 0.36 29
40 0.32 0.38 28
40 0.32 0.34 29
40 0.32 0.4 27
40 0.32 0.44 30
40 0.32 0.42 29
40 0.32 0.48 30
40 0.32 0.46 30
40 0.32 0.5 30
40 0.32 0.56 32
40 0.32 0.52 31
40 0.32 0.54 31
40 0.32 0.58 33
40 0.32 0.64 37
40 0.32 0.6 35
40 0.32 0.62 39
40 0.32 0.66 41
40 0.32 0.68 37
40 0.32 0.72 44
40 0.32 0.7 43
40 0.32 0.74 52
40 0.32 0.76 61
40 0.32 0.78 88
40 0.32 0.8 65
40 0.32 0.84 111
40 0.32 0.82 65
40 0.32 0.86 77
40 0.32 0.9 216
40 0.32 0.88 83
40 0.32 0.94 427
40 0.32 0.92 807
40 0.32 0.96 320
40 0.32 0.98 226
40 0.32 1 922
40 0.34 0.02 25
40 0.34 0 28
40 0.34 0.04 27
40 0.34 0.06 26
40 0.34 0.08 27
40 0.34 0.1 25
40 0.34 0.14 26
40 0.34 0.12 27
40 0.34 0.16 26
40 0.34 0.18 29
40 0.34 0.2 29
40 0.34 0.22 29
40 0.34 0.24 29
40 0.34 0.26 29
40 0.34 0.28 28
40 0.34 0.32 28
40 0.34 0.3 28
40 0.34 0.34 28
40 0.34 0.36 30
40 0.34 0.38 30
40 0.34 0.4 30
40 0.34 0.42 30
40 0.34 0.44 30
40 0.34 0.5 29
40 0.34 0.46 30
40 0.34 0.48 30
40 0.34 0.52 31
40 0.34 0.56 31
40 0.34 0.54 31
40 0.34 0.58 32
40 0.34 0.6 35
40 0.34 0.62 34
40 0.34 0.64 33
40 0.34 0.66 35
40 0.34 0.68 40
40 0.34 0.7 35
40 0.34 0.72 44
40 0.34 0.74 43
40 0.34 0.76 38
40 0.34 0.78 58
40 0.34 0.82 80
40 0.34 0.8 63
40 0.34 0.86 96
40 0.34 0.84 94
40 0.34 0.88 172
40 0.34 0.9 235
40 0.34 0.92 491
40 0.34 0.94 345
40 0.34 0.96 1000
40 0.34 0.98 277
40 0.34 1 592
40 0.36 0 27
40 0.36 0.02 26
40 0.36 0.04 26
40 0.36 0.06 26
40 0.36 0.1 25
40 0.36 0.08 26
40 0.36 0.12 25
40 0.36 0.14 25
40 0.36 0.18 26
40 0.36 0.16 26
40 0.36 0.2 26
40 0.36 0.22 26
40 0.36 0.26 27
40 0.36 0.24 26
40 0.36 0.28 27
40 0.36 0.32 27
40 0.36 0.3 27
40 0.36 0.34 28
40 0.36 0.38 28
40 0.36 0.42 28
40 0.36 0.36 26
40 0.36 0.4 28
40 0.36 0.44 28
40 0.36 0.46 29
40 0.36 0.48 27
40 0.36 0.5 28
40 0.36 0.52 28
40 0.36 0.58 28
40 0.36 0.54 28
40 0.36 0.56 29
40 0.36 0.6 30
40 0.36 0.64 30
40 0.36 0.62 30
40 0.36 0.66 33
40 0.36 0.68 34
40 0.36 0.7 35
40 0.36 0.74 42
40 0.36 0.72 35
40 0.36 0.76 47
40 0.36 0.78 49
40 0.36 0.8 73
40 0.36 0.82 74
40 0.36 0.84 72
40 0.36 0.86 67
40 0.36 0.88 75
40 0.36 0.9 88
40 0.36 0.92 164
40 0.36 0.94 83
40 0.36 0.96 152
40 0.36 1 328
40 0.36 0.98 740
40 0.38 0 25
40 0.38 0.02 26
40 0.38 0.04 26
40 0.38 0.06 26
40 0.38 0.08 26
40 0.38 0.1 26
40 0.38 0.12 25
40 0.38 0.14 25
40 0.38 0.16 25
40 0.38 0.18 25
40 0.38 0.2 25
40 0.38 0.26 25
40 0.38 0.24 24
40 0.38 0.22 25
40 0.38 0.28 25
40 0.38 0.34 25
40 0.38 0.32 26
40 0.38 0.3 25
40 0.38 0.38 26
40 0.38 0.36 27
40 0.38 0.42 27
40 0.38 0.4 27
40 0.38 0.46 27
40 0.38 0.44 27
40 0.38 0.5 28
40 0.38 0.48 27
40 0.38 0.54 30
40 0.38 0.52 28
40 0.38 0.56 27
40 0.38 0.58 29
40 0.38 0.6 29
40 0.38 0.62 31
40 0.38 0.66 33
40 0.38 0.64 32
40 0.38 0.7 31
40 0.38 0.68 31
40 0.38 0.72 38
40 0.38 0.74 36
40 0.38 0.78 38
40 0.38 0.76 35
40 0.38 0.82 55
40 0.38 0.8 40
40 0.38 0.84 42
40 0.38 0.86 48
40 0.38 0.88 119
40 0.38 0.9 72
40 0.38 0.92 372
40 0.38 0.94 69
40 0.38 0.96 88
40 0.38 0.98 200
40 0.38 1 109
40 0.4 0 25
40 0.4 0.02 23
40 0.4 0.04 25
40 0.4 0.06 25
40 0.4 0.08 24
40 0.4 0.1 24
40 0.4 0.12 25
40 0.4 0.14 25
40 0.4 0.16 25
40 0.4 0.18 25
40 0.4 0.2 27
40 0.4 0.26 26
40 0.4 0.22 26
40 0.4 0.24 26
40 0.4 0.28 27
40 0.4 0.32 27
40 0.4 0.3 27
40 0.4 0.34 26
40 0.4 0.36 27
40 0.4 0.38 27
40 0.4 0.4 27
40 0.4 0.42 27
40 0.4 0.44 26
40 0.4 0.46 27
40 0.4 0.48 26
40 0.4 0.5 27
40 0.4 0.52 26
40 0.4 0.54 27
40 0.4 0.56 27
40 0.4 0.58 26
40 0.4 0.6 28
40 0.4 0.62 28
40 0.4 0.64 29
40 0.4 0.66 29
40 0.4 0.7 30
40 0.4 0.68 28
40 0.4 0.72 31
40 0.4 0.74 32
40 0.4 0.76 37
40 0.4 0.78 37
40 0.4 0.8 35
40 0.4 0.82 43
40 0.4 0.84 37
40 0.4 0.86 54
40 0.4 0.88 87
40 0.4 0.9 81
40 0.4 0.92 74
40 0.4 0.94 169
40 0.4 0.98 55
40 0.4 0.96 144
40 0.4 1 154
40 0.42 0 24
40 0.42 0.02 24
40 0.42 0.04 23
40 0.42 0.06 24
40 0.42 0.08 24
40 0.42 0.1 24
40 0.42 0.12 24
40 0.42 0.16 24
40 0.42 0.14 24
40 0.42 0.18 24
40 0.42 0.2 24
40 0.42 0.22 25
40 0.42 0.26 25
40 0.42 0.24 25
40 0.42 0.3 24
40 0.42 0.28 25
40 0.42 0.34 25
40 0.42 0.32 25
40 0.42 0.36 25
40 0.42 0.38 25
40 0.42 0.42 26
40 0.42 0.4 26
40 0.42 0.44 26
40 0.42 0.46 25
40 0.42 0.48 26
40 0.42 0.5 26
40 0.42 0.52 26
40 0.42 0.54 27
40 0.42 0.56 27
40 0.42 0.58 28
40 0.42 0.6 27
40 0.42 0.62 27
40 0.42 0.64 27
40 0.42 0.7 28
40 0.42 0.68 31
40 0.42 0.66 29
40 0.42 0.72 29
40 0.42 0.74 32
40 0.42 0.76 35
40 0.42 0.78 33
40 0.42 0.8 36
40 0.42 0.84 41
40 0.42 0.82 40
40 0.42 0.86 47
40 0.42 0.88 66
40 0.42 0.9 80
40 0.42 0.92 62
40 0.42 0.94 80
40 0.42 0.96 120
40 0.44 0 23
40 0.42 0.98 61
40 0.42 1 107
40 0.44 0.02 23
40 0.44 0.04 23
40 0.44 0.08 24
40 0.44 0.06 23
40 0.44 0.1 24
40 0.44 0.12 24
40 0.44 0.16 24
40 0.44 0.14 23
40 0.44 0.18 24
40 0.44 0.24 24
40 0.44 0.2 24
40 0.44 0.22 24
40 0.44 0.26 24
40 0.44 0.3 24
40 0.44 0.32 25
40 0.44 0.28 24
40 0.44 0.34 24
40 0.44 0.36 25
40 0.44 0.38 24
40 0.44 0.4 24
40 0.44 0.42 26
40 0.44 0.44 26
40 0.44 0.46 26
40 0.44 0.48 25
40 0.44 0.5 25
40 0.44 0.52 26
40 0.44 0.54 26
40 0.44 0.56 26
40 0.44 0.58 26
40 0.44 0.6 25
40 0.44 0.62 26
40 0.44 0.64 26
40 0.44 0.68 29
40 0.44 0.66 28
40 0.44 0.7 27
40 0.44 0.72 29
40 0.44 0.74 30
40 0.44 0.76 32
40 0.44 0.78 34
40 0.44 0.8 33
40 0.44 0.82 35
40 0.44 0.86 37
40 0.44 0.84 38
40 0.44 0.88 41
40 0.44 0.92 69
40 0.44 0.9 46
40 0.44 0.96 83
40 0.44 0.94 64
40 0.44 1 121
40 0.44 0.98 72
40 0.46 0 24
40 0.46 0.02 24
40 0.46 0.04 23
40 0.46 0.06 23
40 0.46 0.08 24
40 0.46 0.12 25
40 0.46 0.14 25
40 0.46 0.1 24
40 0.46 0.16 25
40 0.46 0.18 24
40 0.46 0.22 23
40 0.46 0.2 25
40 0.46 0.24 24
40 0.46 0.26 24
40 0.46 0.28 24
40 0.46 0.3 24
40 0.46 0.32 25
40 0.46 0.34 25
40 0.46 0.36 25
40 0.46 0.38 24
40 0.46 0.44 25
40 0.46 0.46 25
40 0.46 0.4 24
40 0.46 0.42 24
40 0.46 0.5 25
40 0.46 0.54 26
40 0.46 0.48 25
40 0.46 0.52 25
40 0.46 0.56 25
40 0.46 0.6 25
40 0.46 0.58 26
40 0.46 0.62 25
40 0.46 0.64 27
40 0.46 0.66 26
40 0.46 0.68 28
40 0.46 0.7 27
40 0.46 0.72 28
40 0.46 0.74 28
40 0.46 0.76 29
40 0.46 0.78 31
40 0.46 0.8 30
40 0.46 0.82 32
40 0.46 0.86 33
40 0.46 0.84 34
40 0.46 0.9 48
40 0.46 0.88 48
40 0.46 0.94 60
40 0.46 0.92 47
40 0.46 0.96 60
40 0.46 0.98 73
40 0.46 1 78
40 0.48 0 23
40 0.48 0.02 23
40 0.48 0.08 23
40 0.48 0.04 23
40 0.48 0.06 23
40 0.48 0.1 23
40 0.48 0.12 23
40 0.48 0.14 23
40 0.48 0.16 22
40 0.48 0.18 22
40 0.48 0.2 23
40 0.48 0.22 23
40 0.48 0.24 23
40 0.48 0.28 23
40 0.48 0.26 23
40 0.48 0.3 23
40 0.48 0.32 23
40 0.48 0.38 24
40 0.48 0.34 24
40 0.48 0.36 24
40 0.48 0.4 23
40 0.48 0.42 24
40 0.48 0.44 24
40 0.48 0.46 24
40 0.48 0.48 25
40 0.48 0.5 24
40 0.48 0.52 24
40 0.48 0.54 24
40 0.48 0.56 25
40 0.48 0.58 25
40 0.48 0.6 25
40 0.48 0.62 25
40 0.48 0.64 26
40 0.48 0.68 25
40 0.48 0.66 25
40 0.48 0.72 26
40 0.48 0.7 25
40 0.48 0.74 28
40 0.48 0.78 29
40 0.48 0.76 28
40 0.48 0.8 30
40 0.48 0.82 35
40 0.48 0.86 35
40 0.48 0.88 39
40 0.48 0.84 36
40 0.48 0.9 45
40 0.48 0.92 44
40 0.48 0.94 59
40 0.48 0.96 62
40 0.48 1 71
40 0.48 0.98 63
40 0.5 0.02 23
40 0.5 0 24
40 0.5 0.06 23
40 0.5 0.04 23
40 0.5 0.1 23
40 0.5 0.08 23
40 0.5 0.14 23
40 0.5 0.16 23
40 0.5 0.12 23
40 0.5 0.18 22
40 0.5 0.2 23
40 0.5 0.24 23
40 0.5 0.22 23
40 0.5 0.26 22
40 0.5 0.28 23
40 0.5 0.3 23
40 0.5 0.32 23
40 0.5 0.34 23
40 0.5 0.36 24
40 0.5 0.38 23
40 0.5 0.4 23
40 0.5 0.42 24
40 0.5 0.46 25
40 0.5 0.44 24
40 0.5 0.48 24
40 0.5 0.5 24
40 0.5 0.52 24
40 0.5 0.54 24
40 0.5 0.58 25
40 0.5 0.56 25
40 0.5 0.64 24
40 0.5 0.6 25
40 0.5 0.62 25
40 0.5 0.66 24
40 0.5 0.7 26
40 0.5 0.74 26
40 0.5 0.68 25
40 0.5 0.72 26
40 0.5 0.76 26
40 0.5 0.78 28
40 0.5 0.8 29
40 0.5 0.82 31
40 0.5 0.84 31
40 0.5 0.88 34
40 0.5 0.86 30
40 0.5 0.9 40
40 0.5 0.92 44
40 0.5 0.98 47
40 0.5 0.94 51
40 0.5 0.96 47
40 0.52 0 23
40 0.52 0.02 23
40 0.5 1 54
40 0.52 0.04 22
40 0.52 0.06 22
40 0.52 0.08 22
40 0.52 0.12 23
40 0.52 0.1 23
40 0.52 0.14 24
40 0.52 0.2 23
40 0.52 0.16 23
40 0.52 0.18 22
40 0.52 0.22 23
40 0.52 0.24 23
40 0.52 0.26 23
40 0.52 0.28 22
40 0.52 0.3 23
40 0.52 0.32 23
40 0.52 0.34 23
40 0.52 0.36 23
40 0.52 0.38 23
40 0.52 0.4 23
40 0.52 0.42 23
40 0.52 0.44 23
40 0.52 0.46 23
40 0.52 0.48 23
40 0.52 0.54 24
40 0.52 0.5 24
40 0.52 0.52 24
40 0.52 0.56 24
40 0.52 0.6 23
40 0.52 0.58 23
40 0.52 0.62 23
40 0.52 0.64 23
40 0.52 0.66 24
40 0.52 0.68 24
40 0.52 0.7 24
40 0.52 0.74 27
40 0.52 0.76 26
40 0.52 0.72 25
40 0.52 0.78 28
40 0.52 0.8 28
40 0.52 0.84 31
40 0.52 0.82 29
40 0.52 0.86 31
40 0.52 0.88 32
40 0.52 0.9 33
40 0.52 0.92 43
40 0.52 0.94 42
40 0.52 0.96 45
40 0.52 0.98 54
40 0.52 1 58
40 0.54 0 22
40 0.54 0.02 22
40 0.54 0.04 23
40 0.54 0.06 23
40 0.54 0.08 23
40 0.54 0.1 23
40 0.54 0.12 23
40 0.54 0.16 23
40 0.54 0.14 22
40 0.54 0.18 22
40 0.54 0.2 22
40 0.54 0.22 22
40 0.54 0.26 22
40 0.54 0.28 22
40 0.54 0.24 22
40 0.54 0.32 22
40 0.54 0.36 22
40 0.54 0.3 22
40 0.54 0.34 22
40 0.54 0.38 23
40 0.54 0.44 23
40 0.54 0.4 22
40 0.54 0.42 23
40 0.54 0.48 23
40 0.54 0.46 23
40 0.54 0.52 23
40 0.54 0.5 22
40 0.54 0.56 23
40 0.54 0.54 23
40 0.54 0.6 24
40 0.54 0.58 24
40 0.54 0.62 23
40 0.54 0.66 25
40 0.54 0.64 24
40 0.54 0.68 24
40 0.54 0.72 26
40 0.54 0.74 26
40 0.54 0.7 26
40 0.54 0.76 26
40 0.54 0.78 27
40 0.54 0.8 28
40 0.54 0.82 30
40 0.54 0.84 31
40 0.54 0.88 34
40 0.54 0.9 35
40 0.54 0.86 30
40 0.54 0.92 35
40 0.54 0.98 52
40 0.54 0.96 33
40 0.54 0.94 34
40 0.54 1 49
40 0.56 0.04 22
40 0.56 0 22
40 0.56 0.06 22
40 0.56 0.02 22
40 0.56 0.08 22
40 0.56 0.1 22
40 0.56 0.12 22
40 0.56 0.14 22
40 0.56 0.16 22
40 0.56 0.2 22
40 0.56 0.18 22
40 0.56 0.22 22
40 0.56 0.24 21
40 0.56 0.26 21
40 0.56 0.28 21
40 0.56 0.3 21
40 0.56 0.34 22
40 0.56 0.36 22
40 0.56 0.32 21
40 0.56 0.38 22
40 0.56 0.4 22
40 0.56 0.44 22
40 0.56 0.42 22
40 0.56 0.46 22
40 0.56 0.48 23
40 0.56 0.5 22
40 0.56 0.52 23
40 0.56 0.54 23
40 0.56 0.56 23
40 0.56 0.6 23
40 0.56 0.58 23
40 0.56 0.64 23
40 0.56 0.62 23
40 0.56 0.66 23
40 0.56 0.68 24
40 0.56 0.7 24
40 0.56 0.72 23
40 0.56 0.74 24
40 0.56 0.76 25
40 0.56 0.8 26
40 0.56 0.78 26
40 0.56 0.82 28
40 0.56 0.84 29
40 0.56 0.88 30
40 0.56 0.86 29
40 0.56 0.9 34
40 0.56 0.92 34
40 0.56 0.94 43
40 0.56 0.96 64
40 0.58 0 22
40 0.58 0.02 22
40 0.56 0.98 37
40 0.56 1 47
40 0.58 0.04 21
40 0.58 0.06 22
40 0.58 0.08 22
40 0.58 0.1 23
40 0.58 0.12 22
40 0.58 0.14 21
40 0.58 0.18 21
40 0.58 0.16 21
40 0.58 0.2 23
40 0.58 0.22 23
40 0.58 0.24 23
40 0.58 0.28 23
40 0.58 0.26 23
40 0.58 0.3 23
40 0.58 0.32 23
40 0.58 0.34 23
40 0.58 0.36 22
40 0.58 0.38 22
40 0.58 0.44 22
40 0.58 0.4 22
40 0.58 0.42 22
40 0.58 0.46 22
40 0.58 0.48 22
40 0.58 0.5 22
40 0.58 0.52 22
40 0.58 0.54 22
40 0.58 0.58 23
40 0.58 0.56 22
40 0.58 0.6 22
40 0.58 0.62 22
40 0.58 0.64 22
40 0.58 0.66 24
40 0.58 0.68 24
40 0.58 0.7 24
40 0.58 0.74 25
40 0.58 0.76 25
40 0.58 0.72 25
40 0.58 0.78 25
40 0.58 0.8 27
40 0.58 0.82 26
40 0.58 0.84 29
40 0.58 0.9 28
40 0.58 0.92 31
40 0.58 0.88 32
40 0.58 0.86 28
40 0.58 0.94 33
40 0.58 0.96 33
40 0.58 0.98 39
40 0.58 1 45
40 0.6 0 21
40 0.6 0.02 21
40 0.6 0.08 21
40 0.6 0.04 21
40 0.6 0.06 22
40 0.6 0.1 21
40 0.6 0.12 22
40 0.6 0.14 22
40 0.6 0.16 22
40 0.6 0.18 21
40 0.6 0.2 21
40 0.6 0.22 21
40 0.6 0.24 21
40 0.6 0.26 21
40 0.6 0.3 21
40 0.6 0.34 21
40 0.6 0.28 21
40 0.6 0.32 21
40 0.6 0.36 22
40 0.6 0.38 22
40 0.6 0.4 22
40 0.6 0.42 22
40 0.6 0.44 22
40 0.6 0.46 21
40 0.6 0.48 22
40 0.6 0.5 22
40 0.6 0.54 22
40 0.6 0.52 22
40 0.6 0.58 22
40 0.6 0.56 23
40 0.6 0.6 22
40 0.6 0.62 24
40 0.6 0.64 23
40 0.6 0.66 23
40 0.6 0.68 23
40 0.6 0.7 23
40 0.6 0.76 25
40 0.6 0.72 24
40 0.6 0.74 24
40 0.6 0.78 24
40 0.6 0.82 25
40 0.6 0.8 25
40 0.6 0.84 28
40 0.6 0.86 28
40 0.6 0.9 30
40 0.6 0.88 29
40 0.6 0.92 37
40 0.6 0.94 36
40 0.6 0.98 41
40 0.6 0.96 41
40 0.6 1 60
40 0.62 0 21
40 0.62 0.04 22
40 0.62 0.02 21
40 0.62 0.06 22
40 0.62 0.12 22
40 0.62 0.08 22
40 0.62 0.14 22
40 0.62 0.1 22
40 0.62 0.16 22
40 0.62 0.18 22
40 0.62 0.2 22
40 0.62 0.22 22
40 0.62 0.24 21
40 0.62 0.26 21
40 0.62 0.28 22
40 0.62 0.3 21
40 0.62 0.32 21
40 0.62 0.34 21
40 0.62 0.36 22
40 0.62 0.38 21
40 0.62 0.4 21
40 0.62 0.42 21
40 0.62 0.46 21
40 0.62 0.44 21
40 0.62 0.5 22
40 0.62 0.48 22
40 0.62 0.52 22
40 0.62 0.54 22
40 0.62 0.56 22
40 0.62 0.58 22
40 0.62 0.6 22
40 0.62 0.62 22
40 0.62 0.64 22
40 0.62 0.66 22
40 0.62 0.68 23
40 0.62 0.7 23
40 0.62 0.74 24
40 0.62 0.72 23
40 0.62 0.76 24
40 0.62 0.78 24
40 0.62 0.8 24
40 0.62 0.82 25
40 0.62 0.86 26
40 0.62 0.88 29
40 0.62 0.84 25
40 0.62 0.9 32
40 0.62 0.92 30
40 0.62 0.94 32
40 0.62 0.96 29
40 0.62 0.98 38
40 0.64 0 21
40 0.62 1 53
40 0.64 0.02 21
40 0.64 0.04 20
40 0.64 0.1 21
40 0.64 0.06 21
40 0.64 0.08 21
40 0.64 0.12 21
40 0.64 0.14 21
40 0.64 0.2 21
40 0.64 0.16 21
40 0.64 0.18 21
40 0.64 0.22 21
40 0.64 0.26 22
40 0.64 0.28 22
40 0.64 0.24 21
40 0.64 0.3 21
40 0.64 0.36 21
40 0.64 0.32 21
40 0.64 0.34 21
40 0.64 0.38 21
40 0.64 0.4 22
40 0.64 0.42 22
40 0.64 0.46 21
40 0.64 0.44 22
40 0.64 0.48 21
40 0.64 0.5 21
40 0.64 0.52 22
40 0.64 0.54 22
40 0.64 0.56 21
40 0.64 0.58 21
40 0.64 0.62 22
40 0.64 0.6 21
40 0.64 0.66 22
40 0.64 0.64 22
40 0.64 0.68 23
40 0.64 0.7 23
40 0.64 0.74 23
40 0.64 0.72 22
40 0.64 0.76 23
40 0.64 0.78 24
40 0.64 0.8 23
40 0.64 0.82 24
40 0.64 0.84 23
40 0.64 0.86 25
40 0.64 0.9 27
40 0.64 0.88 27
40 0.64 0.92 27
40 0.64 0.94 28
40 0.64 0.96 31
40 0.64 0.98 36
40 0.64 1 39
40 0.66 0 21
40 0.66 0.02 21
40 0.66 0.04 21
40 0.66 0.06 21
40 0.66 0.08 22
40 0.66 0.12 21
40 0.66 0.1 21
40 0.66 0.14 21
40 0.66 0.16 21
40 0.66 0.2 21
40 0.66 0.18 21
40 0.66 0.22 21
40 0.66 0.24 21
40 0.66 0.3 21
40 0.66 0.26 21
40 0.66 0.28 21
40 0.66 0.32 21
40 0.66 0.34 20
40 0.66 0.38 21
40 0.66 0.36 20
40 0.66 0.4 20
40 0.66 0.42 21
40 0.66 0.46 20
40 0.66 0.44 21
40 0.66 0.48 21
40 0.66 0.52 21
40 0.66 0.5 22
40 0.66 0.56 21
40 0.66 0.54 21
40 0.66 0.58 21
40 0.66 0.64 22
40 0.66 0.6 21
40 0.66 0.62 21
40 0.66 0.66 23
40 0.66 0.68 22
40 0.66 0.7 23
40 0.66 0.74 23
40 0.66 0.72 23
40 0.66 0.76 24
40 0.66 0.78 23
40 0.66 0.8 24
40 0.66 0.82 24
40 0.66 0.84 25
40 0.66 0.86 26
40 0.66 0.9 26
40 0.66 0.88 26
40 0.66 0.92 29
40 0.66 0.94 34
40 0.66 0.96 35
40 0.66 0.98 35
40 0.66 1 39
40 0.68 0 21
40 0.68 0.02 21
40 0.68 0.04 20
40 0.68 0.06 20
40 0.68 0.08 20
40 0.68 0.1 20
40 0.68 0.12 20
40 0.68 0.14 20
40 0.68 0.16 20
40 0.68 0.18 20
40 0.68 0.2 20
40 0.68 0.22 20
40 0.68 0.24 20
40 0.68 0.28 21
40 0.68 0.26 21
40 0.68 0.3 20
40 0.68 0.34 21
40 0.68 0.32 20
40 0.68 0.38 21
40 0.68 0.36 21
40 0.68 0.42 21
40 0.68 0.4 20
40 0.68 0.44 21
40 0.68 0.46 21
40 0.68 0.48 21
40 0.68 0.5 21
40 0.68 0.52 21
40 0.68 0.54 21
40 0.68 0.56 22
40 0.68 0.58 21
40 0.68 0.62 22
40 0.68 0.64 22
40 0.68 0.6 22
40 0.68 0.66 22
40 0.68 0.68 22
40 0.68 0.7 21
40 0.68 0.72 22
40 0.68 0.74 22
40 0.68 0.8 23
40 0.68 0.82 23
40 0.68 0.76 23
40 0.68 0.78 23
40 0.68 0.84 24
40 0.68 0.86 23
40 0.68 0.88 27
40 0.68 0.9 27
40 0.68 0.92 27
40 0.68 0.96 31
40 0.68 0.94 29
40 0.68 0.98 31
40 0.68 1 41
40 0.7 0 21
40 0.7 0.02 21
40 0.7 0.04 21
40 0.7 0.06 21
40 0.7 0.08 21
40 0.7 0.14 21
40 0.7 0.1 21
40 0.7 0.12 21
40 0.7 0.16 21
40 0.7 0.18 21
40 0.7 0.2 21
40 0.7 0.22 21
40 0.7 0.24 21
40 0.7 0.26 20
40 0.7 0.28 21
40 0.7 0.3 21
40 0.7 0.32 21
40 0.7 0.34 21
40 0.7 0.36 20
40 0.7 0.4 21
40 0.7 0.38 21
40 0.7 0.42 21
40 0.7 0.46 21
40 0.7 0.44 21
40 0.7 0.5 21
40 0.7 0.48 21
40 0.7 0.54 21
40 0.7 0.52 21
40 0.7 0.58 21
40 0.7 0.56 21
40 0.7 0.6 21
40 0.7 0.62 21
40 0.7 0.64 21
40 0.7 0.66 22
40 0.7 0.68 21
40 0.7 0.7 22
40 0.7 0.74 22
40 0.7 0.72 22
40 0.7 0.78 22
40 0.7 0.76 23
40 0.7 0.82 23
40 0.7 0.8 23
40 0.7 0.84 23
40 0.7 0.86 23
40 0.7 0.9 27
40 0.7 0.88 26
40 0.7 0.92 27
40 0.7 0.94 26
40 0.7 0.96 32
40 0.7 1 36
40 0.7 0.98 30
40 0.72 0 20
40 0.72 0.04 20
40 0.72 0.02 20
40 0.72 0.06 20
40 0.72 0.08 20
40 0.72 0.1 20
40 0.72 0.12 20
40 0.72 0.14 20
40 0.72 0.16 20
40 0.72 0.18 20
40 0.72 0.2 20
40 0.72 0.22 20
40 0.72 0.24 20
40 0.72 0.26 20
40 0.72 0.3 20
40 0.72 0.28 20
40 0.72 0.34 20
40 0.72 0.32 20
40 0.72 0.36 20
40 0.72 0.38 20
40 0.72 0.4 20
40 0.72 0.42 20
40 0.72 0.46 20
40 0.72 0.44 20
40 0.72 0.48 21
40 0.72 0.52 21
40 0.72 0.5 21
40 0.72 0.54 20
40 0.72 0.56 20
40 0.72 0.58 21
40 0.72 0.6 21
40 0.72 0.62 21
40 0.72 0.64 21
40 0.72 0.66 21
40 0.72 0.68 21
40 0.72 0.7 21
40 0.72 0.72 22
40 0.72 0.78 22
40 0.72 0.8 22
40 0.72 0.74 22
40 0.72 0.76 22
40 0.72 0.84 23
40 0.72 0.82 22
40 0.72 0.86 23
40 0.72 0.88 23
40 0.72 0.9 25
40 0.72 0.92 25
40 0.72 0.94 28
40 0.72 0.96 29
40 0.72 0.98 27
40 0.72 1 29
40 0.74 0 20
40 0.74 0.02 20
40 0.74 0.1 20
40 0.74 0.04 20
40 0.74 0.06 20
40 0.74 0.08 20
40 0.74 0.16 20
40 0.74 0.18 20
40 0.74 0.14 20
40 0.74 0.12 20
40 0.74 0.2 20
40 0.74 0.26 20
40 0.74 0.22 20
40 0.74 0.24 20
40 0.74 0.28 20
40 0.74 0.3 20
40 0.74 0.32 20
40 0.74 0.34 20
40 0.74 0.36 21
40 0.74 0.38 20
40 0.74 0.4 21
40 0.74 0.42 20
40 0.74 0.44 20
40 0.74 0.46 21
40 0.74 0.48 20
40 0.74 0.5 20
40 0.74 0.52 20
40 0.74 0.56 21
40 0.74 0.54 21
40 0.74 0.58 21
40 0.74 0.62 21
40 0.74 0.6 21
40 0.74 0.64 21
40 0.74 0.66 21
40 0.74 0.7 21
40 0.74 0.68 21
40 0.74 0.72 21
40 0.74 0.74 21
40 0.74 0.78 22
40 0.74 0.76 21
40 0.74 0.82 22
40 0.74 0.8 22
40 0.74 0.84 22
40 0.74 0.86 23
40 0.74 0.88 23
40 0.74 0.92 25
40 0.74 0.9 24
40 0.74 0.94 28
40 0.74 0.96 26
40 0.74 0.98 27
40 0.74 1 27
40 0.76 0 20
40 0.76 0.02 20
40 0.76 0.06 20
40 0.76 0.04 20
40 0.76 0.1 20
40 0.76 0.08 20
40 0.76 0.12 20
40 0.76 0.14 20
40 0.76 0.16 20
40 0.76 0.18 20
40 0.76 0.2 20
40 0.76 0.22 20
40 0.76 0.24 20
40 0.76 0.26 20
40 0.76 0.28 20
40 0.76 0.3 20
40 0.76 0.32 20
40 0.76 0.38 20
40 0.76 0.34 20
40 0.76 0.36 20
40 0.76 0.4 20
40 0.76 0.42 20
40 0.76 0.46 20
40 0.76 0.44 20
40 0.76 0.48 20
40 0.76 0.5 21
40 0.76 0.52 20
40 0.76 0.54 20
40 0.76 0.56 20
40 0.76 0.58 21
40 0.76 0.6 20
40 0.76 0.62 21
40 0.76 0.64 20
40 0.76 0.66 21
40 0.76 0.68 20
40 0.76 0.7 21
40 0.76 0.72 21
40 0.76 0.74 22
40 0.76 0.76 22
40 0.76 0.78 22
40 0.76 0.82 21
40 0.76 0.84 23
40 0.76 0.8 22
40 0.76 0.86 23
40 0.76 0.88 24
40 0.76 0.94 25
40 0.76 0.9 24
40 0.76 0.92 25
40 0.76 0.96 25
40 0.76 0.98 29
40 0.78 0 20
40 0.76 1 31
40 0.78 0.02 20
40 0.78 0.06 20
40 0.78 0.08 20
40 0.78 0.04 20
40 0.78 0.12 20
40 0.78 0.1 20
40 0.78 0.14 20
40 0.78 0.16 20
40 0.78 0.18 20
40 0.78 0.22 20
40 0.78 0.2 20
40 0.78 0.24 20
40 0.78 0.26 20
40 0.78 0.28 20
40 0.78 0.3 20
40 0.78 0.32 20
40 0.78 0.34 20
40 0.78 0.36 20
40 0.78 0.38 20
40 0.78 0.4 20
40 0.78 0.42 20
40 0.78 0.44 20
40 0.78 0.46 20
40 0.78 0.48 20
40 0.78 0.5 20
40 0.78 0.52 21
40 0.78 0.54 20
40 0.78 0.6 21
40 0.78 0.62 21
40 0.78 0.56 21
40 0.78 0.58 21
40 0.78 0.64 21
40 0.78 0.66 21
40 0.78 0.68 21
40 0.78 0.7 21
40 0.78 0.72 22
40 0.78 0.74 21
40 0.78 0.76 22
40 0.78 0.78 22
40 0.78 0.8 22
40 0.78 0.82 22
40 0.78 0.86 23
40 0.78 0.84 23
40 0.78 0.88 23
40 0.78 0.9 23
40 0.78 0.92 25
40 0.78 0.94 25
40 0.78 0.96 25
40 0.78 1 29
40 0.78 0.98 28
40 0.8 0 20
40 0.8 0.02 20
40 0.8 0.04 20
40 0.8 0.06 20
40 0.8 0.08 20
40 0.8 0.1 20
40 0.8 0.12 20
40 0.8 0.14 20
40 0.8 0.16 20
40 0.8 0.18 20
40 0.8 0.2 20
40 0.8 0.22 20
40 0.8 0.24 20
40 0.8 0.26 20
40 0.8 0.28 20
40 0.8 0.3 20
40 0.8 0.32 20
40 0.8 0.34 20
40 0.8 0.38 20
40 0.8 0.36 20
40 0.8 0.4 20
40 0.8 0.42 20
40 0.8 0.46 20
40 0.8 0.44 20
40 0.8 0.48 20
40 0.8 0.5 20
40 0.8 0.52 20
40 0.8 0.54 20
40 0.8 0.58 20
40 0.8 0.56 20
40 0.8 0.6 20
40 0.8 0.62 21
40 0.8 0.64 21
40 0.8 0.66 21
40 0.8 0.68 21
40 0.8 0.7 21
40 0.8 0.74 21
40 0.8 0.72 21
40 0.8 0.76 22
40 0.8 0.78 21
40 0.8 0.8 22
40 0.8 0.82 22
40 0.8 0.84 23
40 0.8 0.86 24
40 0.8 0.88 24
40 0.8 0.9 25
40 0.8 0.92 25
40 0.8 0.94 25
40 0.8 0.98 29
40 0.8 0.96 27
40 0.8 1 33
40 0.82 0 20
40 0.82 0.02 20
40 0.82 0.04 19
40 0.82 0.06 20
40 0.82 0.08 20
40 0.82 0.14 20
40 0.82 0.1 20
40 0.82 0.12 20
40 0.82 0.16 20
40 0.82 0.18 20
40 0.82 0.2 20
40 0.82 0.22 20
40 0.82 0.24 20
40 0.82 0.26 20
40 0.82 0.28 20
40 0.82 0.3 20
40 0.82 0.32 20
40 0.82 0.34 20
40 0.82 0.36 20
40 0.82 0.4 20
40 0.82 0.38 20
40 0.82 0.44 20
40 0.82 0.42 20
40 0.82 0.46 20
40 0.82 0.5 20
40 0.82 0.54 20
40 0.82 0.48 20
40 0.82 0.52 20
40 0.82 0.56 20
40 0.82 0.58 20
40 0.82 0.6 20
40 0.82 0.62 20
40 0.82 0.66 20
40 0.82 0.68 20
40 0.82 0.64 20
40 0.82 0.74 21
40 0.82 0.72 20
40 0.82 0.7 21
40 0.82 0.76 21
40 0.82 0.78 21
40 0.82 0.8 21
40 0.82 0.82 23
40 0.82 0.84 23
40 0.82 0.86 24
40 0.82 0.88 24
40 0.82 0.9 25
40 0.82 0.92 27
40 0.82 0.94 25
40 0.82 0.96 29
40 0.82 0.98 31
40 0.82 1 31
40 0.84 0 19
40 0.84 0.02 19
40 0.84 0.04 20
40 0.84 0.06 19
40 0.84 0.08 19
40 0.84 0.12 19
40 0.84 0.1 19
40 0.84 0.16 19
40 0.84 0.14 19
40 0.84 0.18 20
40 0.84 0.22 20
40 0.84 0.2 20
40 0.84 0.24 20
40 0.84 0.26 20
40 0.84 0.28 20
40 0.84 0.3 20
40 0.84 0.32 20
40 0.84 0.34 20
40 0.84 0.36 20
40 0.84 0.38 20
40 0.84 0.4 20
40 0.84 0.42 20
40 0.84 0.46 20
40 0.84 0.48 20
40 0.84 0.44 20
40 0.84 0.5 20
40 0.84 0.52 20
40 0.84 0.56 20
40 0.84 0.54 20
40 0.84 0.58 20
40 0.84 0.6 20
40 0.84 0.64 20
40 0.84 0.62 20
40 0.84 0.66 21
40 0.84 0.7 20
40 0.84 0.74 21
40 0.84 0.68 21
40 0.84 0.72 21
40 0.84 0.76 21
40 0.84 0.78 21
40 0.84 0.8 21
40 0.84 0.82 21
40 0.84 0.84 23
40 0.84 0.86 23
40 0.84 0.9 25
40 0.84 0.88 24
40 0.84 0.94 25
40 0.84 0.92 25
40 0.84 0.96 27
40 0.84 0.98 31
40 0.86 0 19
40 0.84 1 31
40 0.86 0.02 19
40 0.86 0.04 19
40 0.86 0.08 19
40 0.86 0.06 19
40 0.86 0.1 19
40 0.86 0.12 19
40 0.86 0.18 19
40 0.86 0.14 19
40 0.86 0.16 19
40 0.86 0.2 20
40 0.86 0.26 20
40 0.86 0.22 20
40 0.86 0.24 20
40 0.86 0.28 19
40 0.86 0.32 19
40 0.86 0.3 19
40 0.86 0.34 19
40 0.86 0.36 19
40 0.86 0.38 20
40 0.86 0.4 19
40 0.86 0.42 19
40 0.86 0.44 20
40 0.86 0.48 20
40 0.86 0.46 20
40 0.86 0.5 19
40 0.86 0.52 19
40 0.86 0.56 20
40 0.86 0.54 20
40 0.86 0.58 20
40 0.86 0.6 20
40 0.86 0.64 20
40 0.86 0.62 20
40 0.86 0.66 20
40 0.86 0.68 20
40 0.86 0.7 21
40 0.86 0.76 21
40 0.86 0.72 21
40 0.86 0.74 21
40 0.86 0.78 21
40 0.86 0.8 22
40 0.86 0.84 23
40 0.86 0.82 22
40 0.86 0.86 23
40 0.86 0.88 23
40 0.86 0.9 23
40 0.86 0.92 27
40 0.86 0.94 29
40 0.86 0.96 35
40 0.86 0.98 31
40 0.86 1 33
40 0.88 0.02 19
40 0.88 0 19
40 0.88 0.04 19
40 0.88 0.06 19
40 0.88 0.12 19
40 0.88 0.08 19
40 0.88 0.1 19
40 0.88 0.14 19
40 0.88 0.16 19
40 0.88 0.2 19
40 0.88 0.18 19
40 0.88 0.22 19
40 0.88 0.24 19
40 0.88 0.26 19
40 0.88 0.28 19
40 0.88 0.3 19
40 0.88 0.32 19
40 0.88 0.36 19
40 0.88 0.34 19
40 0.88 0.38 20
40 0.88 0.4 19
40 0.88 0.42 19
40 0.88 0.44 19
40 0.88 0.46 20
40 0.88 0.48 20
40 0.88 0.54 20
40 0.88 0.5 20
40 0.88 0.56 20
40 0.88 0.52 20
40 0.88 0.58 20
40 0.88 0.6 20
40 0.88 0.62 20
40 0.88 0.64 20
40 0.88 0.66 21
40 0.88 0.68 20
40 0.88 0.7 21
40 0.88 0.72 21
40 0.88 0.74 21
40 0.88 0.76 21
40 0.88 0.8 21
40 0.88 0.78 22
40 0.88 0.82 22
40 0.88 0.86 23
40 0.88 0.84 23
40 0.88 0.88 25
40 0.88 0.9 25
40 0.88 0.92 29
40 0.88 0.96 33
40 0.88 0.94 27
40 0.88 1 39
40 0.88 0.98 45
40 0.9 0.04 19
40 0.9 0.06 19
40 0.9 0 19
40 0.9 0.02 19
40 0.9 0.08 19
40 0.9 0.1 19
40 0.9 0.12 19
40 0.9 0.14 19
40 0.9 0.16 19
40 0.9 0.18 19
40 0.9 0.2 19
40 0.9 0.22 19
40 0.9 0.26 19
40 0.9 0.28 19
40 0.9 0.24 19
40 0.9 0.3 19
40 0.9 0.32 19
40 0.9 0.36 19
40 0.9 0.34 19
40 0.9 0.38 19
40 0.9 0.4 19
40 0.9 0.42 19
40 0.9 0.44 19
40 0.9 0.46 19
40 0.9 0.48 19
40 0.9 0.5 19
40 0.9 0.52 20
40 0.9 0.54 19
40 0.9 0.56 19
40 0.9 0.58 19
40 0.9 0.6 20
40 0.9 0.64 20
40 0.9 0.62 20
40 0.9 0.66 20
40 0.9 0.7 20
40 0.9 0.68 20
40 0.9 0.72 20
40 0.9 0.74 21
40 0.9 0.8 23
40 0.9 0.76 21
40 0.9 0.78 21
40 0.9 0.82 23
40 0.9 0.84 23
40 0.9 0.86 23
40 0.9 0.88 25
40 0.9 0.9 25
40 0.9 0.92 27
40 0.9 0.94 31
40 0.9 0.96 45
40 0.9 0.98 53
40 0.9 1 39
40 0.92 0 19
40 0.92 0.02 19
40 0.92 0.04 19
40 0.92 0.08 19
40 0.92 0.1 19
40 0.92 0.06 19
40 0.92 0.12 19
40 0.92 0.16 19
40 0.92 0.14 19
40 0.92 0.18 19
40 0.92 0.2 19
40 0.92 0.22 19
40 0.92 0.24 19
40 0.92 0.26 19
40 0.92 0.28 19
40 0.92 0.3 19
40 0.92 0.32 19
40 0.92 0.34 19
40 0.92 0.36 19
40 0.92 0.42 19
40 0.92 0.38 19
40 0.92 0.4 19
40 0.92 0.44 19
40 0.92 0.52 20
40 0.92 0.5 20
40 0.92 0.46 20
40 0.92 0.48 19
40 0.92 0.56 19
40 0.92 0.54 20
40 0.92 0.58 20
40 0.92 0.6 20
40 0.92 0.66 21
40 0.92 0.62 20
40 0.92 0.68 21
40 0.92 0.64 20
40 0.92 0.7 20
40 0.92 0.72 21
40 0.92 0.74 21
40 0.92 0.76 21
40 0.92 0.78 22
40 0.92 0.8 22
40 0.92 0.82 23
40 0.92 0.84 23
40 0.92 0.86 23
40 0.92 0.88 27
40 0.92 0.9 27
40 0.92 0.92 31
40 0.92 0.94 31
40 0.92 0.96 31
40 0.92 1 45
40 0.92 0.98 43
40 0.94 0 19
40 0.94 0.02 19
40 0.94 0.04 19
40 0.94 0.06 19
40 0.94 0.1 19
40 0.94 0.08 19
40 0.94 0.12 19
40 0.94 0.14 19
40 0.94 0.16 19
40 0.94 0.18 19
40 0.94 0.2 19
40 0.94 0.22 19
40 0.94 0.24 19
40 0.94 0.26 19
40 0.94 0.28 19
40 0.94 0.3 19
40 0.94 0.32 19
40 0.94 0.34 19
40 0.94 0.38 19
40 0.94 0.36 19
40 0.94 0.4 19
40 0.94 0.42 19
40 0.94 0.44 19
40 0.94 0.46 19
40 0.94 0.48 19
40 0.94 0.5 19
40 0.94 0.52 19
40 0.94 0.54 19
40 0.94 0.58 20
40 0.94 0.56 19
40 0.94 0.6 20
40 0.94 0.62 20
40 0.94 0.64 20
40 0.94 0.66 20
40 0.94 0.68 20
40 0.94 0.72 21
40 0.94 0.74 21
40 0.94 0.7 21
40 0.94 0.76 23
40 0.94 0.78 23
40 0.94 0.8 23
40 0.94 0.82 25
40 0.94 0.86 25
40 0.94 0.88 27
40 0.94 0.84 25
40 0.94 0.9 31
40 0.94 0.92 33
40 0.94 0.94 35
40 0.94 0.98 55
40 0.94 0.96 63
40 0.94 1 89
40 0.96 0 19
40 0.96 0.02 19
40 0.96 0.04 19
40 0.96 0.06 19
40 0.96 0.08 19
40 0.96 0.1 19
40 0.96 0.12 19
40 0.96 0.16 19
40 0.96 0.14 19
40 0.96 0.2 19
40 0.96 0.18 19
40 0.96 0.24 19
40 0.96 0.26 19
40 0.96 0.22 19
40 0.96 0.28 19
40 0.96 0.3 19
40 0.96 0.36 19
40 0.96 0.34 19
40 0.96 0.32 19
40 0.96 0.38 19
40 0.96 0.4 19
40 0.96 0.42 19
40 0.96 0.44 19
40 0.96 0.46 19
40 0.96 0.48 19
40 0.96 0.54 19
40 0.96 0.5 19
40 0.96 0.52 19
40 0.96 0.56 19
40 0.96 0.58 20
40 0.96 0.6 20
40 0.96 0.62 20
40 0.96 0.64 20
40 0.96 0.7 21
40 0.96 0.72 21
40 0.96 0.66 21
40 0.96 0.68 21
40 0.96 0.74 21
40 0.96 0.76 21
40 0.96 0.78 23
40 0.96 0.8 21
40 0.96 0.82 25
40 0.96 0.84 25
40 0.96 0.86 29
40 0.96 0.88 29
40 0.96 0.94 47
40 0.96 0.96 75
40 0.96 0.9 29
40 0.96 0.92 37
40 0.96 0.98 51
40 0.96 1 195
40 0.98 0.02 19
40 0.98 0 19
40 0.98 0.04 19
40 0.98 0.06 19
40 0.98 0.1 19
40 0.98 0.08 19
40 0.98 0.14 19
40 0.98 0.12 19
40 0.98 0.16 19
40 0.98 0.18 19
40 0.98 0.2 19
40 0.98 0.22 19
40 0.98 0.24 19
40 0.98 0.26 19
40 0.98 0.28 19
40 0.98 0.32 19
40 0.98 0.3 19
40 0.98 0.34 19
40 0.98 0.36 19
40 0.98 0.4 19
40 0.98 0.38 19
40 0.98 0.42 19
40 0.98 0.46 19
40 0.98 0.44 19
40 0.98 0.48 19
40 0.98 0.52 19
40 0.98 0.5 19
40 0.98 0.54 19
40 0.98 0.56 19
40 0.98 0.6 20
40 0.98 0.58 19
40 0.98 0.62 20
40 0.98 0.64 20
40 0.98 0.66 21
40 0.98 0.68 21
40 0.98 0.7 21
40 0.98 0.72 21
40 0.98 0.74 21
40 0.98 0.78 22
40 0.98 0.76 23
40 0.98 0.8 25
40 0.98 0.82 27
40 0.98 0.84 29
40 0.98 0.86 29
40 0.98 0.9 41
40 0.98 0.88 31
40 0.98 0.92 41
40 0.98 0.94 49
40 0.98 1 51
40 1 0 19
40 0.98 0.96 39
40 0.98 0.98 51
40 1 0.04 19
40 1 0.02 19
40 1 0.06 19
40 1 0.08 19
40 1 0.1 19
40 1 0.12 19
40 1 0.14 19
40 1 0.16 19
40 1 0.18 19
40 1 0.2 19
40 1 0.22 19
40 1 0.24 19
40 1 0.3 19
40 1 0.26 19
40 1 0.28 19
40 1 0.32 19
40 1 0.34 19
40 1 0.36 19
40 1 0.4 19
40 1 0.38 19
40 1 0.42 19
40 1 0.46 19
40 1 0.48 19
40 1 0.44 19
40 1 0.5 19
40 1 0.52 19
40 1 0.54 20
40 1 0.56 19
40 1 0.58 20
40 1 0.62 20
40 1 0.6 20
40 1 0.64 21
40 1 0.68 21
40 1 0.66 21
40 1 0.7 21
40 1 0.72 21
40 1 0.76 21
40 1 0.74 22
40 1 0.78 21
40 1 0.8 27
40 1 0.82 27
40 1 0.84 33
40 1 0.86 41
40 1 0.88 31
40 1 0.9 53
40 1 0.94 101
40 1 0.92 51
40 1 0.96 367
40 1 0.98 1000
40 1 1 1000
