40 0 0 1000
40 0 0.02 1000
40 0 0.04 1000
40 0 0.06 1000
40 0 0.08 1000
40 0 0.1 1000
40 0 0.12 1000
40 0 0.14 1000
40 0 0.16 1000
40 0 0.18 1000
40 0 0.2 1000
40 0 0.22 1000
40 0 0.24 1000
40 0 0.26 1000
40 0 0.28 1000
40 0 0.3 1000
40 0 0.32 1000
40 0 0.34 1000
40 0 0.36 1000
40 0 0.38 1000
40 0 0.4 1000
40 0 0.42 1000
40 0 0.46 1000
40 0 0.44 1000
40 0 0.48 1000
40 0 0.5 1000
40 0 0.52 1000
40 0 0.54 1000
40 0 0.56 1000
40 0 0.58 1000
40 0 0.6 1000
40 0 0.62 1000
40 0 0.64 1000
40 0 0.66 1000
40 0 0.68 1000
40 0 0.7 1000
40 0 0.72 1000
40 0 0.74 1000
40 0 0.76 1000
40 0 0.78 1000
40 0 0.8 1000
40 0 0.82 1000
40 0 0.84 1000
40 0 0.86 1000
40 0 0.88 1000
40 0 0.9 1000
40 0 0.92 1000
40 0 0.94 1000
40 0 0.98 1000
40 0 0.96 1000
40 0 1 1000
40 0.02 0 164
40 0.02 0.02 185
40 0.02 0.04 255
40 0.02 0.06 475
40 0.02 0.08 1000
40 0.02 0.1 1000
40 0.02 0.12 1000
40 0.02 0.14 1000
40 0.02 0.16 1000
40 0.02 0.18 1000
40 0.02 0.2 1000
40 0.02 0.22 1000
40 0.02 0.24 1000
40 0.02 0.26 1000
40 0.02 0.28 1000
40 0.02 0.3 1000
40 0.02 0.32 1000
40 0.02 0.34 1000
40 0.02 0.36 1000
40 0.02 0.4 1000
40 0.02 0.38 1000
40 0.02 0.42 1000
40 0.02 0.44 1000
40 0.02 0.46 1000
40 0.02 0.48 1000
40 0.02 0.5 1000
40 0.02 0.52 1000
40 0.02 0.54 1000
40 0.02 0.56 1000
40 0.02 0.6 1000
40 0.02 0.58 1000
40 0.02 0.62 1000
40 0.02 0.64 1000
40 0.02 0.66 1000
40 0.02 0.68 1000
40 0.02 0.7 1000
40 0.02 0.72 1000
40 0.02 0.74 1000
40 0.02 0.76 1000
40 0.02 0.78 1000
40 0.02 0.8 1000
40 0.02 0.82 1000
40 0.02 0.84 1000
40 0.02 0.86 1000
40 0.02 0.88 1000
40 0.02 0.9 1000
40 0.02 0.92 1000
40 0.02 0.94 1000
40 0.02 0.96 1000
40 0.02 0.98 1000
40 0.02 1 1000
40 0.04 0 84
40 0.04 0.02 82
40 0.04 0.04 93
40 0.04 0.06 106
40 0.04 0.08 133
40 0.04 0.1 205
40 0.04 0.12 254
40 0.04 0.14 543
40 0.04 0.16 605
40 0.04 0.18 1000
40 0.04 0.2 1000
40 0.04 0.22 1000
40 0.04 0.24 1000
40 0.04 0.26 1000
40 0.04 0.28 1000
40 0.04 0.3 1000
40 0.04 0.32 1000
40 0.04 0.34 1000
40 0.04 0.36 1000
40 0.04 0.38 1000
40 0.04 0.4 1000
40 0.04 0.42 1000
40 0.04 0.44 1000
40 0.04 0.46 1000
40 0.04 0.48 1000
40 0.04 0.5 1000
40 0.04 0.52 1000
40 0.04 0.54 1000
40 0.04 0.56 1000
40 0.04 0.58 1000
40 0.04 0.6 1000
40 0.04 0.62 1000
40 0.04 0.64 1000
40 0.04 0.66 1000
40 0.04 0.68 1000
40 0.04 0.7 1000
40 0.04 0.72 1000
40 0.04 0.74 1000
40 0.04 0.76 1000
40 0.04 0.78 1000
40 0.04 0.8 1000
40 0.04 0.82 1000
40 0.04 0.84 1000
40 0.04 0.86 1000
40 0.04 0.88 1000
40 0.04 0.9 1000
40 0.04 0.92 1000
40 0.04 0.94 1000
40 0.04 0.96 1000
40 0.04 0.98 1000
40 0.04 1 1000
40 0.06 0 68
40 0.06 0.02 63
40 0.06 0.04 66
40 0.06 0.06 68
40 0.06 0.08 70
40 0.06 0.1 86
40 0.06 0.12 96
40 0.06 0.14 119
40 0.06 0.16 131
40 0.06 0.18 193
40 0.06 0.2 234
40 0.06 0.22 1000
40 0.06 0.24 1000
40 0.06 0.26 1000
40 0.06 0.28 1000
40 0.06 0.3 1000
40 0.06 0.32 1000
40 0.06 0.34 1000
40 0.06 0.36 1000
40 0.06 0.38 1000
40 0.06 0.4 1000
40 0.06 0.42 1000
40 0.06 0.44 1000
40 0.06 0.46 1000
40 0.06 0.48 1000
40 0.06 0.5 1000
40 0.06 0.52 1000
40 0.06 0.54 1000
40 0.06 0.56 1000
40 0.06 0.58 1000
40 0.06 0.6 1000
40 0.06 0.62 1000
40 0.06 0.64 1000
40 0.06 0.66 1000
40 0.06 0.68 1000
40 0.06 0.7 1000
40 0.06 0.72 1000
40 0.06 0.74 1000
40 0.06 0.76 1000
40 0.06 0.78 1000
40 0.06 0.8 1000
40 0.06 0.82 1000
40 0.06 0.84 1000
40 0.06 0.86 1000
40 0.06 0.88 1000
40 0.06 0.9 1000
40 0.06 0.92 1000
40 0.06 0.94 1000
40 0.06 0.96 1000
40 0.06 0.98 1000
40 0.06 1 1000
40 0.08 0 47
40 0.08 0.02 49
40 0.08 0.04 50
40 0.08 0.06 52
40 0.08 0.08 52
40 0.08 0.1 57
40 0.08 0.12 62
40 0.08 0.14 61
40 0.08 0.16 73
40 0.08 0.18 89
40 0.08 0.2 120
40 0.08 0.22 162
40 0.08 0.24 318
40 0.08 0.26 232
40 0.08 0.28 938
40 0.08 0.3 315
40 0.08 0.32 1000
40 0.08 0.36 1000
40 0.08 0.34 1000
40 0.08 0.38 1000
40 0.08 0.4 1000
40 0.08 0.42 1000
40 0.08 0.44 1000
40 0.08 0.46 1000
40 0.08 0.48 1000
40 0.08 0.5 1000
40 0.08 0.52 1000
40 0.08 0.56 1000
40 0.08 0.54 1000
40 0.08 0.58 1000
40 0.08 0.6 1000
40 0.08 0.62 1000
40 0.08 0.64 1000
40 0.08 0.68 1000
40 0.08 0.66 1000
40 0.08 0.72 1000
40 0.08 0.7 1000
40 0.08 0.74 1000
40 0.08 0.76 1000
40 0.08 0.78 1000
40 0.08 0.8 1000
40 0.08 0.82 1000
40 0.08 0.84 1000
40 0.08 0.86 1000
40 0.08 0.88 1000
40 0.08 0.9 1000
40 0.08 0.92 1000
40 0.08 0.94 1000
40 0.08 0.96 1000
40 0.08 0.98 1000
40 0.08 1 1000
40 0.1 0 39
40 0.1 0.02 38
40 0.1 0.04 38
40 0.1 0.06 43
40 0.1 0.08 43
40 0.1 0.1 42
40 0.1 0.12 45
40 0.1 0.14 50
40 0.1 0.16 49
40 0.1 0.18 59
40 0.1 0.2 70
40 0.1 0.22 78
40 0.1 0.24 98
40 0.1 0.26 95
40 0.1 0.28 109
40 0.1 0.3 179
40 0.1 0.32 158
40 0.1 0.34 947
40 0.1 0.36 1000
40 0.1 0.38 1000
40 0.1 0.4 1000
40 0.1 0.42 450
40 0.1 0.44 1000
40 0.1 0.46 1000
40 0.1 0.48 1000
40 0.1 0.5 1000
40 0.1 0.52 1000
40 0.1 0.54 1000
40 0.1 0.56 1000
40 0.1 0.58 1000
40 0.1 0.6 1000
40 0.1 0.62 1000
40 0.1 0.64 1000
40 0.1 0.66 1000
40 0.1 0.68 1000
40 0.1 0.7 1000
40 0.1 0.72 1000
40 0.1 0.74 1000
40 0.1 0.76 1000
40 0.1 0.78 1000
40 0.1 0.8 1000
40 0.1 0.82 1000
40 0.1 0.84 1000
40 0.1 0.86 1000
40 0.1 0.88 1000
40 0.1 0.9 1000
40 0.1 0.92 1000
40 0.1 0.94 1000
40 0.1 0.96 1000
40 0.1 0.98 1000
40 0.1 1 1000
40 0.12 0 34
40 0.12 0.02 35
40 0.12 0.04 40
40 0.12 0.06 39
40 0.12 0.08 38
40 0.12 0.1 40
40 0.12 0.12 39
40 0.12 0.14 40
40 0.12 0.16 40
40 0.12 0.18 41
40 0.12 0.2 45
40 0.12 0.22 48
40 0.12 0.24 52
40 0.12 0.26 61
40 0.12 0.28 78
40 0.12 0.3 73
40 0.12 0.32 116
40 0.12 0.34 133
40 0.12 0.36 208
40 0.12 0.38 204
40 0.12 0.4 398
40 0.12 0.42 410
40 0.12 0.44 1000
40 0.12 0.46 1000
40 0.12 0.48 1000
40 0.12 0.5 1000
40 0.12 0.52 1000
40 0.12 0.54 1000
40 0.12 0.56 1000
40 0.12 0.58 1000
40 0.12 0.6 1000
40 0.12 0.62 1000
40 0.12 0.64 1000
40 0.12 0.66 1000
40 0.12 0.68 1000
40 0.12 0.7 1000
40 0.12 0.72 1000
40 0.12 0.74 1000
40 0.12 0.76 1000
40 0.12 0.78 1000
40 0.12 0.8 1000
40 0.12 0.82 1000
40 0.12 0.84 1000
40 0.12 0.86 1000
40 0.12 0.88 1000
40 0.12 0.9 1000
40 0.12 0.92 1000
40 0.12 0.94 1000
40 0.12 0.96 1000
40 0.12 0.98 1000
40 0.12 1 1000
40 0.14 0 31
40 0.14 0.02 32
40 0.14 0.04 33
40 0.14 0.06 32
40 0.14 0.08 29
40 0.14 0.1 30
40 0.14 0.12 29
40 0.14 0.14 33
40 0.14 0.16 30
40 0.14 0.18 34
40 0.14 0.2 37
40 0.14 0.22 38
40 0.14 0.24 39
40 0.14 0.26 41
40 0.14 0.28 48
40 0.14 0.3 58
40 0.14 0.32 64
40 0.14 0.34 61
40 0.14 0.36 82
40 0.14 0.38 80
40 0.14 0.4 124
40 0.14 0.42 96
40 0.14 0.44 156
40 0.14 0.46 1000
40 0.14 0.48 316
40 0.14 0.5 346
40 0.14 0.52 1000
40 0.14 0.54 1000
40 0.14 0.56 1000
40 0.14 0.58 1000
40 0.14 0.6 1000
40 0.14 0.62 1000
40 0.14 0.64 1000
40 0.14 0.66 1000
40 0.14 0.68 1000
40 0.14 0.7 1000
40 0.14 0.72 1000
40 0.14 0.74 1000
40 0.14 0.76 1000
40 0.14 0.78 1000
40 0.14 0.8 1000
40 0.14 0.82 1000
40 0.14 0.84 1000
40 0.14 0.86 1000
40 0.14 0.88 1000
40 0.14 0.9 1000
40 0.14 0.92 1000
40 0.14 0.94 1000
40 0.14 0.96 1000
40 0.14 0.98 1000
40 0.14 1 1000
40 0.16 0 29
40 0.16 0.02 28
40 0.16 0.04 26
40 0.16 0.06 26
40 0.16 0.08 28
40 0.16 0.1 29
40 0.16 0.12 28
40 0.16 0.14 28
40 0.16 0.16 29
40 0.16 0.2 30
40 0.16 0.18 29
40 0.16 0.22 30
40 0.16 0.24 32
40 0.16 0.26 34
40 0.16 0.28 36
40 0.16 0.3 40
40 0.16 0.32 44
40 0.16 0.34 44
40 0.16 0.36 44
40 0.16 0.38 54
40 0.16 0.4 72
40 0.16 0.42 73
40 0.16 0.44 92
40 0.16 0.46 267
40 0.16 0.48 126
40 0.16 0.5 137
40 0.16 0.52 117
40 0.16 0.54 384
40 0.16 0.56 1000
40 0.16 0.58 1000
40 0.16 0.6 1000
40 0.16 0.62 1000
40 0.16 0.64 1000
40 0.16 0.66 1000
40 0.16 0.68 1000
40 0.16 0.7 1000
40 0.16 0.72 1000
40 0.16 0.74 1000
40 0.16 0.76 1000
40 0.16 0.78 1000
40 0.16 0.8 1000
40 0.16 0.82 1000
40 0.16 0.84 1000
40 0.16 0.86 1000
40 0.16 0.88 1000
40 0.16 0.9 1000
40 0.16 0.92 1000
40 0.16 0.94 1000
40 0.16 0.96 1000
40 0.16 0.98 1000
40 0.16 1 1000
40 0.18 0 26
40 0.18 0.02 29
40 0.18 0.04 31
40 0.18 0.06 30
40 0.18 0.08 30
40 0.18 0.1 30
40 0.18 0.12 30
40 0.18 0.14 30
40 0.18 0.16 31
40 0.18 0.18 29
40 0.18 0.2 31
40 0.18 0.22 28
40 0.18 0.24 30
40 0.18 0.26 34
40 0.18 0.28 33
40 0.18 0.3 34
40 0.18 0.32 37
40 0.18 0.34 34
40 0.18 0.36 45
40 0.18 0.38 52
40 0.18 0.4 59
40 0.18 0.42 47
40 0.18 0.44 78
40 0.18 0.46 86
40 0.18 0.48 79
40 0.18 0.5 292
40 0.18 0.52 89
40 0.18 0.54 512
40 0.18 0.56 404
40 0.18 0.58 1000
40 0.18 0.6 634
40 0.18 0.62 1000
40 0.18 0.64 1000
40 0.18 0.66 1000
40 0.18 0.68 1000
40 0.18 0.7 1000
40 0.18 0.72 1000
40 0.18 0.74 1000
40 0.18 0.76 1000
40 0.18 0.78 1000
40 0.18 0.8 1000
40 0.18 0.82 1000
40 0.18 0.84 1000
40 0.18 0.86 1000
40 0.18 0.88 1000
40 0.18 0.9 1000
40 0.18 0.92 1000
40 0.18 0.94 1000
40 0.18 0.96 1000
40 0.18 0.98 1000
40 0.18 1 1000
40 0.2 0 24
40 0.2 0.02 25
40 0.2 0.04 25
40 0.2 0.06 24
40 0.2 0.08 25
40 0.2 0.1 24
40 0.2 0.12 25
40 0.2 0.14 24
40 0.2 0.16 24
40 0.2 0.18 25
40 0.2 0.2 27
40 0.2 0.22 26
40 0.2 0.24 28
40 0.2 0.26 30
40 0.2 0.28 28
40 0.2 0.3 28
40 0.2 0.32 28
40 0.2 0.34 31
40 0.2 0.36 31
40 0.2 0.38 33
40 0.2 0.4 36
40 0.2 0.42 40
40 0.2 0.44 48
40 0.2 0.46 41
40 0.2 0.48 88
40 0.2 0.5 65
40 0.2 0.52 80
40 0.2 0.54 140
40 0.2 0.56 91
40 0.2 0.58 78
40 0.2 0.6 979
40 0.2 0.62 1000
40 0.2 0.64 299
40 0.2 0.66 1000
40 0.2 0.68 1000
40 0.2 0.7 1000
40 0.2 0.72 1000
40 0.2 0.74 1000
40 0.2 0.76 1000
40 0.2 0.78 1000
40 0.2 0.8 1000
40 0.2 0.82 1000
40 0.2 0.84 248
40 0.2 0.88 1000
40 0.2 0.86 1000
40 0.2 0.9 1000
40 0.2 0.92 1000
40 0.2 0.94 1000
40 0.2 0.96 1000
40 0.2 0.98 1000
40 0.2 1 1000
40 0.22 0.02 24
40 0.22 0 23
40 0.22 0.06 23
40 0.22 0.04 22
40 0.22 0.08 25
40 0.22 0.1 25
40 0.22 0.14 26
40 0.22 0.12 26
40 0.22 0.16 25
40 0.22 0.18 26
40 0.22 0.2 25
40 0.22 0.22 26
40 0.22 0.24 27
40 0.22 0.26 26
40 0.22 0.28 27
40 0.22 0.3 27
40 0.22 0.34 30
40 0.22 0.32 28
40 0.22 0.36 31
40 0.22 0.38 34
40 0.22 0.4 31
40 0.22 0.42 35
40 0.22 0.44 33
40 0.22 0.46 42
40 0.22 0.5 89
40 0.22 0.48 53
40 0.22 0.52 59
40 0.22 0.54 71
40 0.22 0.56 98
40 0.22 0.58 67
40 0.22 0.62 77
40 0.22 0.6 129
40 0.22 0.66 530
40 0.22 0.64 1000
40 0.22 0.7 1000
40 0.22 0.68 1000
40 0.22 0.72 1000
40 0.22 0.74 1000
40 0.22 0.76 297
40 0.22 0.78 1000
40 0.22 0.8 1000
40 0.22 0.82 1000
40 0.22 0.84 1000
40 0.22 0.86 1000
40 0.22 0.9 1000
40 0.22 0.88 986
40 0.22 0.92 1000
40 0.22 0.94 1000
40 0.22 0.96 1000
40 0.22 0.98 1000
40 0.22 1 1000
40 0.24 0 22
40 0.24 0.02 21
40 0.24 0.04 22
40 0.24 0.06 21
40 0.24 0.08 22
40 0.24 0.1 22
40 0.24 0.12 24
40 0.24 0.14 22
40 0.24 0.16 24
40 0.24 0.18 22
40 0.24 0.2 24
40 0.24 0.22 24
40 0.24 0.24 24
40 0.24 0.26 26
40 0.24 0.28 25
40 0.24 0.3 26
40 0.24 0.32 26
40 0.24 0.34 26
40 0.24 0.36 26
40 0.24 0.38 25
40 0.24 0.4 29
40 0.24 0.42 25
40 0.24 0.44 35
40 0.24 0.46 33
40 0.24 0.48 36
40 0.24 0.5 39
40 0.24 0.52 49
40 0.24 0.54 77
40 0.24 0.56 55
40 0.24 0.58 77
40 0.24 0.6 56
40 0.24 0.62 126
40 0.24 0.64 88
40 0.24 0.66 86
40 0.24 0.68 653
40 0.24 0.7 366
40 0.24 0.72 452
40 0.24 0.74 1000
40 0.24 0.76 545
40 0.24 0.78 1000
40 0.24 0.8 1000
40 0.24 0.82 1000
40 0.24 0.84 1000
40 0.24 0.86 1000
40 0.24 0.88 1000
40 0.24 0.9 1000
40 0.24 0.92 1000
40 0.24 0.94 1000
40 0.24 0.96 1000
40 0.24 0.98 1000
40 0.24 1 1000
40 0.26 0 20
40 0.26 0.02 20
40 0.26 0.04 22
40 0.26 0.06 21
40 0.26 0.08 20
40 0.26 0.1 21
40 0.26 0.12 23
40 0.26 0.14 22
40 0.26 0.16 21
40 0.26 0.18 23
40 0.26 0.2 22
40 0.26 0.22 23
40 0.26 0.24 22
40 0.26 0.26 24
40 0.26 0.28 21
40 0.26 0.3 22
40 0.26 0.32 22
40 0.26 0.34 23
40 0.26 0.36 25
40 0.26 0.38 25
40 0.26 0.4 24
40 0.26 0.42 25
40 0.26 0.44 25
40 0.26 0.46 27
40 0.26 0.48 26
40 0.26 0.5 34
40 0.26 0.52 44
40 0.26 0.54 40
40 0.26 0.56 39
40 0.26 0.58 96
40 0.26 0.6 68
40 0.26 0.62 127
40 0.26 0.64 80
40 0.26 0.66 137
40 0.26 0.68 190
40 0.26 0.7 188
40 0.26 0.72 131
40 0.26 0.74 263
40 0.26 0.76 325
40 0.26 0.78 451
40 0.26 0.8 1000
40 0.26 0.82 1000
40 0.26 0.84 1000
40 0.26 0.86 1000
40 0.26 0.88 1000
40 0.26 0.9 1000
40 0.26 0.92 1000
40 0.26 0.94 1000
40 0.26 0.96 1000
40 0.26 0.98 1000
40 0.26 1 1000
40 0.28 0 21
40 0.28 0.04 21
40 0.28 0.02 21
40 0.28 0.06 21
40 0.28 0.08 21
40 0.28 0.1 20
40 0.28 0.12 21
40 0.28 0.14 20
40 0.28 0.16 22
40 0.28 0.18 22
40 0.28 0.2 22
40 0.28 0.22 21
40 0.28 0.24 21
40 0.28 0.26 21
40 0.28 0.28 21
40 0.28 0.3 22
40 0.28 0.32 22
40 0.28 0.34 22
40 0.28 0.36 21
40 0.28 0.38 21
40 0.28 0.4 23
40 0.28 0.42 25
40 0.28 0.44 24
40 0.28 0.46 28
40 0.28 0.48 24
40 0.28 0.5 29
40 0.28 0.52 32
40 0.28 0.54 36
40 0.28 0.56 38
40 0.28 0.58 46
40 0.28 0.6 40
40 0.28 0.62 48
40 0.28 0.64 56
40 0.28 0.66 68
40 0.28 0.68 90
40 0.28 0.7 59
40 0.28 0.72 267
40 0.28 0.74 603
40 0.28 0.76 112
40 0.28 0.78 79
40 0.28 0.8 836
40 0.28 0.82 108
40 0.28 0.84 1000
40 0.28 0.86 414
40 0.28 0.88 1000
40 0.28 0.9 1000
40 0.28 0.92 319
40 0.28 0.94 552
40 0.28 0.96 1000
40 0.28 0.98 272
40 0.28 1 1000
40 0.3 0 21
40 0.3 0.02 22
40 0.3 0.04 20
40 0.3 0.06 21
40 0.3 0.08 21
40 0.3 0.1 20
40 0.3 0.12 21
40 0.3 0.14 21
40 0.3 0.16 21
40 0.3 0.18 21
40 0.3 0.2 21
40 0.3 0.22 21
40 0.3 0.24 22
40 0.3 0.26 21
40 0.3 0.28 22
40 0.3 0.3 23
40 0.3 0.32 23
40 0.3 0.34 23
40 0.3 0.36 23
40 0.3 0.38 22
40 0.3 0.4 23
40 0.3 0.44 24
40 0.3 0.42 23
40 0.3 0.46 24
40 0.3 0.48 24
40 0.3 0.5 25
40 0.3 0.52 27
40 0.3 0.54 28
40 0.3 0.56 25
40 0.3 0.6 32
40 0.3 0.58 33
40 0.3 0.62 41
40 0.3 0.64 51
40 0.3 0.66 56
40 0.3 0.68 83
40 0.3 0.7 70
40 0.3 0.72 91
40 0.3 0.74 56
40 0.3 0.76 255
40 0.3 0.78 75
40 0.3 0.8 373
40 0.3 0.84 590
40 0.3 0.82 110
40 0.3 0.86 181
40 0.3 0.88 1000
40 0.3 0.9 238
40 0.3 0.92 141
40 0.3 0.94 136
40 0.3 0.96 1000
40 0.3 0.98 147
40 0.3 1 1000
40 0.32 0 19
40 0.32 0.02 19
40 0.32 0.06 19
40 0.32 0.04 19
40 0.32 0.08 19
40 0.32 0.1 19
40 0.32 0.14 18
40 0.32 0.12 19
40 0.32 0.16 20
40 0.32 0.18 20
40 0.32 0.2 20
40 0.32 0.22 21
40 0.32 0.24 19
40 0.32 0.26 20
40 0.32 0.3 20
40 0.32 0.28 21
40 0.32 0.34 21
40 0.32 0.32 19
40 0.32 0.36 21
40 0.32 0.38 21
40 0.32 0.4 21
40 0.32 0.42 22
40 0.32 0.44 23
40 0.32 0.46 23
40 0.32 0.48 24
40 0.32 0.5 27
40 0.32 0.52 27
40 0.32 0.54 31
40 0.32 0.56 27
40 0.32 0.58 29
40 0.32 0.6 34
40 0.32 0.62 30
40 0.32 0.64 45
40 0.32 0.66 42
40 0.32 0.68 48
40 0.32 0.7 52
40 0.32 0.72 100
40 0.32 0.74 62
40 0.32 0.76 149
40 0.32 0.78 82
40 0.32 0.8 65
40 0.32 0.82 280
40 0.32 0.84 76
40 0.32 0.86 196
40 0.32 0.88 321
40 0.32 0.9 82
40 0.32 0.92 643
40 0.32 0.94 604
40 0.32 0.96 864
40 0.32 0.98 793
40 0.32 1 1000
40 0.34 0 18
40 0.34 0.02 19
40 0.34 0.04 18
40 0.34 0.06 19
40 0.34 0.08 19
40 0.34 0.1 19
40 0.34 0.12 20
40 0.34 0.14 19
40 0.34 0.16 19
40 0.34 0.18 19
40 0.34 0.2 19
40 0.34 0.22 20
40 0.34 0.24 20
40 0.34 0.26 19
40 0.34 0.28 19
40 0.34 0.3 20
40 0.34 0.32 19
40 0.34 0.34 19
40 0.34 0.36 19
40 0.34 0.38 20
40 0.34 0.4 20
40 0.34 0.42 19
40 0.34 0.44 20
40 0.34 0.46 20
40 0.34 0.48 21
40 0.34 0.5 21
40 0.34 0.52 21
40 0.34 0.54 22
40 0.34 0.56 22
40 0.34 0.58 23
40 0.34 0.6 24
40 0.34 0.62 24
40 0.34 0.64 25
40 0.34 0.66 29
40 0.34 0.68 35
40 0.34 0.7 50
40 0.34 0.72 42
40 0.34 0.74 62
40 0.34 0.76 78
40 0.34 0.78 52
40 0.34 0.8 229
40 0.34 0.82 88
40 0.34 0.84 238
40 0.34 0.86 134
40 0.34 0.88 78
40 0.34 0.9 464
40 0.34 0.92 577
40 0.34 0.94 190
40 0.34 0.96 105
40 0.34 0.98 124
40 0.34 1 264
40 0.36 0 18
40 0.36 0.02 18
40 0.36 0.04 18
40 0.36 0.06 18
40 0.36 0.08 19
40 0.36 0.1 18
40 0.36 0.12 19
40 0.36 0.14 19
40 0.36 0.16 20
40 0.36 0.18 20
40 0.36 0.2 19
40 0.36 0.22 19
40 0.36 0.24 19
40 0.36 0.26 19
40 0.36 0.28 20
40 0.36 0.3 19
40 0.36 0.32 20
40 0.36 0.34 21
40 0.36 0.36 20
40 0.36 0.38 20
40 0.36 0.4 20
40 0.36 0.42 20
40 0.36 0.44 21
40 0.36 0.46 21
40 0.36 0.48 21
40 0.36 0.5 23
40 0.36 0.52 20
40 0.36 0.54 20
40 0.36 0.56 21
40 0.36 0.58 20
40 0.36 0.6 24
40 0.36 0.62 26
40 0.36 0.64 26
40 0.36 0.66 25
40 0.36 0.68 32
40 0.36 0.7 40
40 0.36 0.72 35
40 0.36 0.74 54
40 0.36 0.76 52
40 0.36 0.78 54
40 0.36 0.8 79
40 0.36 0.82 61
40 0.36 0.84 69
40 0.36 0.86 161
40 0.36 0.88 128
40 0.36 0.9 84
40 0.36 0.92 126
40 0.36 0.94 100
40 0.36 0.96 180
40 0.36 0.98 585
40 0.36 1 142
40 0.38 0.02 19
40 0.38 0 19
40 0.38 0.04 18
40 0.38 0.06 18
40 0.38 0.08 18
40 0.38 0.1 18
40 0.38 0.12 18
40 0.38 0.14 19
40 0.38 0.16 19
40 0.38 0.18 18
40 0.38 0.2 19
40 0.38 0.22 19
40 0.38 0.24 19
40 0.38 0.26 20
40 0.38 0.28 19
40 0.38 0.3 19
40 0.38 0.32 20
40 0.38 0.34 19
40 0.38 0.36 18
40 0.38 0.38 19
40 0.38 0.4 19
40 0.38 0.42 19
40 0.38 0.44 19
40 0.38 0.46 20
40 0.38 0.48 20
40 0.38 0.5 20
40 0.38 0.54 20
40 0.38 0.52 19
40 0.38 0.56 20
40 0.38 0.58 21
40 0.38 0.6 24
40 0.38 0.62 22
40 0.38 0.64 22
40 0.38 0.66 26
40 0.38 0.68 27
40 0.38 0.7 27
40 0.38 0.72 30
40 0.38 0.74 41
40 0.38 0.78 35
40 0.38 0.76 30
40 0.38 0.82 104
40 0.38 0.8 38
40 0.38 0.84 56
40 0.38 0.86 71
40 0.38 0.88 54
40 0.38 0.9 77
40 0.38 0.92 94
40 0.38 0.94 114
40 0.38 0.96 78
40 0.38 0.98 99
40 0.38 1 299
40 0.4 0 18
40 0.4 0.02 18
40 0.4 0.04 18
40 0.4 0.06 18
40 0.4 0.08 18
40 0.4 0.1 18
40 0.4 0.12 18
40 0.4 0.14 18
40 0.4 0.16 18
40 0.4 0.18 17
40 0.4 0.2 17
40 0.4 0.22 17
40 0.4 0.24 17
40 0.4 0.26 17
40 0.4 0.28 18
40 0.4 0.3 17
40 0.4 0.32 17
40 0.4 0.34 17
40 0.4 0.36 17
40 0.4 0.38 18
40 0.4 0.4 18
40 0.4 0.42 17
40 0.4 0.44 18
40 0.4 0.46 18
40 0.4 0.48 18
40 0.4 0.5 18
40 0.4 0.52 18
40 0.4 0.54 21
40 0.4 0.56 20
40 0.4 0.58 21
40 0.4 0.6 21
40 0.4 0.62 23
40 0.4 0.64 21
40 0.4 0.66 21
40 0.4 0.68 23
40 0.4 0.7 26
40 0.4 0.72 24
40 0.4 0.74 30
40 0.4 0.76 25
40 0.4 0.78 36
40 0.4 0.8 37
40 0.4 0.82 35
40 0.4 0.84 65
40 0.4 0.88 39
40 0.4 0.86 71
40 0.4 0.9 39
40 0.4 0.92 64
40 0.4 0.94 101
40 0.4 0.96 58
40 0.4 0.98 111
40 0.4 1 61
40 0.42 0 17
40 0.42 0.02 17
40 0.42 0.04 17
40 0.42 0.06 18
40 0.42 0.08 17
40 0.42 0.1 17
40 0.42 0.12 17
40 0.42 0.14 17
40 0.42 0.16 17
40 0.42 0.18 17
40 0.42 0.2 17
40 0.42 0.22 18
40 0.42 0.24 18
40 0.42 0.26 18
40 0.42 0.28 18
40 0.42 0.3 17
40 0.42 0.32 17
40 0.42 0.34 17
40 0.42 0.36 17
40 0.42 0.38 17
40 0.42 0.4 18
40 0.42 0.42 18
40 0.42 0.44 18
40 0.42 0.46 18
40 0.42 0.5 18
40 0.42 0.48 17
40 0.42 0.54 18
40 0.42 0.52 19
40 0.42 0.56 19
40 0.42 0.58 19
40 0.42 0.6 19
40 0.42 0.62 20
40 0.42 0.64 23
40 0.42 0.66 22
40 0.42 0.68 25
40 0.42 0.7 25
40 0.42 0.72 25
40 0.42 0.74 26
40 0.42 0.78 32
40 0.42 0.76 29
40 0.42 0.8 31
40 0.42 0.82 50
40 0.42 0.84 51
40 0.42 0.86 45
40 0.42 0.88 48
40 0.42 0.9 94
40 0.42 0.92 47
40 0.42 0.94 44
40 0.42 0.96 121
40 0.42 0.98 53
40 0.42 1 68
40 0.44 0 17
40 0.44 0.02 17
40 0.44 0.04 17
40 0.44 0.06 17
40 0.44 0.08 17
40 0.44 0.1 17
40 0.44 0.12 17
40 0.44 0.14 16
40 0.44 0.16 17
40 0.44 0.18 17
40 0.44 0.2 17
40 0.44 0.22 17
40 0.44 0.24 17
40 0.44 0.26 17
40 0.44 0.28 17
40 0.44 0.3 17
40 0.44 0.32 17
40 0.44 0.34 17
40 0.44 0.36 16
40 0.44 0.38 18
40 0.44 0.4 18
40 0.44 0.42 17
40 0.44 0.44 18
40 0.44 0.46 18
40 0.44 0.48 17
40 0.44 0.5 18
40 0.44 0.52 18
40 0.44 0.54 18
40 0.44 0.56 18
40 0.44 0.6 18
40 0.44 0.58 18
40 0.44 0.62 20
40 0.44 0.64 18
40 0.44 0.66 18
40 0.44 0.68 19
40 0.44 0.7 19
40 0.44 0.72 19
40 0.44 0.76 20
40 0.44 0.74 20
40 0.44 0.78 23
40 0.44 0.8 25
40 0.44 0.82 26
40 0.44 0.84 24
40 0.44 0.86 46
40 0.44 0.88 36
40 0.44 0.92 40
40 0.44 0.9 44
40 0.44 0.94 38
40 0.44 0.96 38
40 0.44 1 74
40 0.44 0.98 114
40 0.46 0 17
40 0.46 0.02 16
40 0.46 0.06 17
40 0.46 0.04 17
40 0.46 0.08 17
40 0.46 0.1 16
40 0.46 0.14 16
40 0.46 0.12 16
40 0.46 0.18 17
40 0.46 0.16 17
40 0.46 0.2 17
40 0.46 0.22 17
40 0.46 0.24 17
40 0.46 0.26 16
40 0.46 0.28 17
40 0.46 0.3 17
40 0.46 0.32 16
40 0.46 0.34 17
40 0.46 0.38 17
40 0.46 0.36 17
40 0.46 0.4 17
40 0.46 0.42 17
40 0.46 0.46 16
40 0.46 0.44 17
40 0.46 0.48 17
40 0.46 0.5 17
40 0.46 0.52 17
40 0.46 0.54 17
40 0.46 0.56 18
40 0.46 0.58 17
40 0.46 0.6 17
40 0.46 0.62 18
40 0.46 0.64 18
40 0.46 0.66 18
40 0.46 0.68 18
40 0.46 0.7 19
40 0.46 0.72 19
40 0.46 0.74 21
40 0.46 0.76 20
40 0.46 0.78 25
40 0.46 0.8 23
40 0.46 0.82 28
40 0.46 0.84 30
40 0.46 0.86 30
40 0.46 0.88 28
40 0.46 0.9 31
40 0.46 0.92 45
40 0.46 0.94 38
40 0.46 0.96 32
40 0.46 0.98 36
40 0.46 1 48
40 0.48 0 16
40 0.48 0.02 16
40 0.48 0.04 16
40 0.48 0.06 16
40 0.48 0.08 16
40 0.48 0.12 16
40 0.48 0.1 16
40 0.48 0.14 16
40 0.48 0.16 15
40 0.48 0.18 16
40 0.48 0.2 16
40 0.48 0.22 16
40 0.48 0.24 16
40 0.48 0.26 16
40 0.48 0.28 16
40 0.48 0.3 16
40 0.48 0.32 16
40 0.48 0.34 16
40 0.48 0.36 17
40 0.48 0.38 17
40 0.48 0.4 16
40 0.48 0.42 16
40 0.48 0.44 17
40 0.48 0.46 17
40 0.48 0.48 16
40 0.48 0.52 18
40 0.48 0.5 17
40 0.48 0.54 18
40 0.48 0.56 18
40 0.48 0.58 18
40 0.48 0.6 18
40 0.48 0.62 18
40 0.48 0.64 19
40 0.48 0.66 19
40 0.48 0.68 18
40 0.48 0.7 19
40 0.48 0.72 19
40 0.48 0.74 19
40 0.48 0.76 21
40 0.48 0.78 21
40 0.48 0.8 23
40 0.48 0.84 21
40 0.48 0.82 21
40 0.48 0.86 32
40 0.48 0.88 36
40 0.48 0.92 31
40 0.48 0.9 31
40 0.48 0.96 34
40 0.48 0.94 40
40 0.48 0.98 50
40 0.48 1 56
40 0.5 0 16
40 0.5 0.02 15
40 0.5 0.06 16
40 0.5 0.04 16
40 0.5 0.08 16
40 0.5 0.1 15
40 0.5 0.12 16
40 0.5 0.14 16
40 0.5 0.16 16
40 0.5 0.18 16
40 0.5 0.2 16
40 0.5 0.22 16
40 0.5 0.24 16
40 0.5 0.26 16
40 0.5 0.28 16
40 0.5 0.3 17
40 0.5 0.32 16
40 0.5 0.34 16
40 0.5 0.36 16
40 0.5 0.38 16
40 0.5 0.4 16
40 0.5 0.42 17
40 0.5 0.44 17
40 0.5 0.46 17
40 0.5 0.48 17
40 0.5 0.5 17
40 0.5 0.52 18
40 0.5 0.54 18
40 0.5 0.56 18
40 0.5 0.58 18
40 0.5 0.6 18
40 0.5 0.62 18
40 0.5 0.64 18
40 0.5 0.66 19
40 0.5 0.68 18
40 0.5 0.7 18
40 0.5 0.72 20
40 0.5 0.74 20
40 0.5 0.76 21
40 0.5 0.78 19
40 0.5 0.8 21
40 0.5 0.82 24
40 0.5 0.84 24
40 0.5 0.86 23
40 0.5 0.88 22
40 0.5 0.9 25
40 0.5 0.92 24
40 0.5 0.94 36
40 0.5 0.96 32
40 0.5 0.98 46
40 0.5 1 40
40 0.52 0 16
40 0.52 0.02 16
40 0.52 0.04 16
40 0.52 0.06 16
40 0.52 0.08 16
40 0.52 0.1 16
40 0.52 0.12 15
40 0.52 0.14 16
40 0.52 0.16 16
40 0.52 0.18 17
40 0.52 0.2 15
40 0.52 0.22 16
40 0.52 0.24 16
40 0.52 0.26 15
40 0.52 0.28 16
40 0.52 0.3 16
40 0.52 0.32 16
40 0.52 0.34 16
40 0.52 0.36 16
40 0.52 0.38 16
40 0.52 0.4 16
40 0.52 0.42 16
40 0.52 0.44 16
40 0.52 0.46 16
40 0.52 0.48 16
40 0.52 0.5 16
40 0.52 0.52 16
40 0.52 0.54 17
40 0.52 0.56 16
40 0.52 0.58 16
40 0.52 0.6 16
40 0.52 0.62 16
40 0.52 0.64 17
40 0.52 0.66 17
40 0.52 0.68 18
40 0.52 0.7 17
40 0.52 0.72 18
40 0.52 0.74 18
40 0.52 0.76 18
40 0.52 0.78 18
40 0.52 0.8 18
40 0.52 0.82 19
40 0.52 0.84 19
40 0.52 0.86 19
40 0.52 0.88 21
40 0.52 0.9 24
40 0.52 0.92 24
40 0.52 0.94 26
40 0.52 0.96 26
40 0.52 0.98 25
40 0.52 1 45
40 0.54 0 15
40 0.54 0.02 15
40 0.54 0.04 15
40 0.54 0.06 15
40 0.54 0.08 15
40 0.54 0.1 15
40 0.54 0.12 15
40 0.54 0.14 15
40 0.54 0.16 15
40 0.54 0.18 16
40 0.54 0.2 15
40 0.54 0.22 16
40 0.54 0.24 16
40 0.54 0.26 16
40 0.54 0.28 15
40 0.54 0.3 16
40 0.54 0.32 15
40 0.54 0.34 16
40 0.54 0.36 16
40 0.54 0.38 16
40 0.54 0.4 16
40 0.54 0.42 16
40 0.54 0.44 16
40 0.54 0.46 16
40 0.54 0.48 16
40 0.54 0.5 16
40 0.54 0.52 16
40 0.54 0.54 16
40 0.54 0.56 16
40 0.54 0.58 16
40 0.54 0.62 16
40 0.54 0.6 16
40 0.54 0.64 17
40 0.54 0.66 17
40 0.54 0.68 16
40 0.54 0.7 17
40 0.54 0.72 18
40 0.54 0.74 17
40 0.54 0.76 18
40 0.54 0.78 19
40 0.54 0.82 18
40 0.54 0.8 18
40 0.54 0.84 18
40 0.54 0.86 18
40 0.54 0.88 22
40 0.54 0.9 27
40 0.54 0.92 26
40 0.54 0.94 27
40 0.54 0.96 27
40 0.54 0.98 29
40 0.54 1 33
40 0.56 0 15
40 0.56 0.02 14
40 0.56 0.04 15
40 0.56 0.06 15
40 0.56 0.08 15
40 0.56 0.1 15
40 0.56 0.12 15
40 0.56 0.14 15
40 0.56 0.16 15
40 0.56 0.18 15
40 0.56 0.2 15
40 0.56 0.22 15
40 0.56 0.24 14
40 0.56 0.26 15
40 0.56 0.28 15
40 0.56 0.3 15
40 0.56 0.32 15
40 0.56 0.34 15
40 0.56 0.36 15
40 0.56 0.38 15
40 0.56 0.4 16
40 0.56 0.42 15
40 0.56 0.44 16
40 0.56 0.46 16
40 0.56 0.48 15
40 0.56 0.5 15
40 0.56 0.52 16
40 0.56 0.54 15
40 0.56 0.56 16
40 0.56 0.58 16
40 0.56 0.6 16
40 0.56 0.62 16
40 0.56 0.64 16
40 0.56 0.66 16
40 0.56 0.68 16
40 0.56 0.7 16
40 0.56 0.72 16
40 0.56 0.74 17
40 0.56 0.76 17
40 0.56 0.78 16
40 0.56 0.8 19
40 0.56 0.82 18
40 0.56 0.84 18
40 0.56 0.86 20
40 0.56 0.88 21
40 0.56 0.9 24
40 0.56 0.92 19
40 0.56 0.94 22
40 0.56 0.96 24
40 0.56 0.98 23
40 0.56 1 23
40 0.58 0 15
40 0.58 0.02 15
40 0.58 0.04 15
40 0.58 0.06 15
40 0.58 0.08 15
40 0.58 0.1 15
40 0.58 0.12 15
40 0.58 0.14 15
40 0.58 0.16 15
40 0.58 0.18 15
40 0.58 0.2 15
40 0.58 0.22 15
40 0.58 0.24 15
40 0.58 0.26 15
40 0.58 0.28 15
40 0.58 0.3 15
40 0.58 0.32 15
40 0.58 0.34 15
40 0.58 0.36 15
40 0.58 0.38 15
40 0.58 0.4 15
40 0.58 0.42 15
40 0.58 0.44 15
40 0.58 0.46 16
40 0.58 0.48 15
40 0.58 0.5 15
40 0.58 0.52 16
40 0.58 0.54 16
40 0.58 0.56 16
40 0.58 0.58 16
40 0.58 0.6 16
40 0.58 0.62 16
40 0.58 0.64 16
40 0.58 0.66 16
40 0.58 0.68 16
40 0.58 0.7 16
40 0.58 0.72 16
40 0.58 0.74 16
40 0.58 0.76 16
40 0.58 0.78 17
40 0.58 0.8 16
40 0.58 0.82 17
40 0.58 0.84 16
40 0.58 0.86 18
40 0.58 0.88 19
40 0.58 0.9 19
40 0.58 0.92 27
40 0.58 0.94 25
40 0.58 0.96 23
40 0.58 0.98 23
40 0.58 1 24
40 0.6 0 15
40 0.6 0.02 15
40 0.6 0.04 15
40 0.6 0.06 15
40 0.6 0.08 15
40 0.6 0.1 14
40 0.6 0.12 14
40 0.6 0.14 14
40 0.6 0.16 14
40 0.6 0.18 14
40 0.6 0.2 14
40 0.6 0.22 15
40 0.6 0.24 16
40 0.6 0.26 16
40 0.6 0.28 16
40 0.6 0.3 16
40 0.6 0.32 16
40 0.6 0.34 16
40 0.6 0.36 16
40 0.6 0.38 16
40 0.6 0.4 16
40 0.6 0.42 16
40 0.6 0.44 16
40 0.6 0.46 16
40 0.6 0.48 16
40 0.6 0.5 16
40 0.6 0.52 16
40 0.6 0.54 15
40 0.6 0.56 14
40 0.6 0.58 14
40 0.6 0.6 15
40 0.6 0.62 16
40 0.6 0.64 15
40 0.6 0.66 15
40 0.6 0.68 16
40 0.6 0.7 15
40 0.6 0.72 15
40 0.6 0.74 16
40 0.6 0.76 16
40 0.6 0.78 16
40 0.6 0.8 17
40 0.6 0.82 17
40 0.6 0.84 16
40 0.6 0.86 19
40 0.6 0.88 18
40 0.6 0.9 18
40 0.6 0.92 20
40 0.6 0.94 20
40 0.6 0.96 20
40 0.6 0.98 21
40 0.6 1 26
40 0.62 0 15
40 0.62 0.02 15
40 0.62 0.04 14
40 0.62 0.06 15
40 0.62 0.08 15
40 0.62 0.1 15
40 0.62 0.12 14
40 0.62 0.14 15
40 0.62 0.16 14
40 0.62 0.18 14
40 0.62 0.2 14
40 0.62 0.22 14
40 0.62 0.24 14
40 0.62 0.26 15
40 0.62 0.28 15
40 0.62 0.3 15
40 0.62 0.32 15
40 0.62 0.34 15
40 0.62 0.36 15
40 0.62 0.38 14
40 0.62 0.4 14
40 0.62 0.42 14
40 0.62 0.44 14
40 0.62 0.46 15
40 0.62 0.48 15
40 0.62 0.5 15
40 0.62 0.52 15
40 0.62 0.54 15
40 0.62 0.56 15
40 0.62 0.58 15
40 0.62 0.6 15
40 0.62 0.62 15
40 0.62 0.64 15
40 0.62 0.66 15
40 0.62 0.68 15
40 0.62 0.7 15
40 0.62 0.72 16
40 0.62 0.74 15
40 0.62 0.76 15
40 0.62 0.78 16
40 0.62 0.8 16
40 0.62 0.82 16
40 0.62 0.84 18
40 0.62 0.86 18
40 0.62 0.88 18
40 0.62 0.9 18
40 0.62 0.92 18
40 0.62 0.94 18
40 0.62 0.96 18
40 0.62 0.98 19
40 0.62 1 19
40 0.64 0 14
40 0.64 0.02 14
40 0.64 0.04 14
40 0.64 0.06 14
40 0.64 0.08 14
40 0.64 0.1 14
40 0.64 0.12 14
40 0.64 0.14 14
40 0.64 0.16 14
40 0.64 0.18 15
40 0.64 0.2 15
40 0.64 0.22 15
40 0.64 0.24 15
40 0.64 0.26 15
40 0.64 0.28 15
40 0.64 0.3 15
40 0.64 0.32 15
40 0.64 0.34 15
40 0.64 0.36 15
40 0.64 0.38 14
40 0.64 0.4 15
40 0.64 0.42 15
40 0.64 0.44 15
40 0.64 0.46 15
40 0.64 0.48 15
40 0.64 0.5 15
40 0.64 0.52 15
40 0.64 0.54 15
40 0.64 0.56 15
40 0.64 0.58 15
40 0.64 0.6 14
40 0.64 0.62 15
40 0.64 0.64 15
40 0.64 0.66 15
40 0.64 0.68 15
40 0.64 0.72 15
40 0.64 0.7 15
40 0.64 0.76 15
40 0.64 0.74 15
40 0.64 0.78 15
40 0.64 0.8 16
40 0.64 0.84 17
40 0.64 0.82 17
40 0.64 0.88 17
40 0.64 0.86 16
40 0.64 0.9 18
40 0.64 0.92 18
40 0.64 0.94 18
40 0.64 0.96 18
40 0.64 0.98 20
40 0.64 1 22
40 0.66 0 14
40 0.66 0.02 14
40 0.66 0.04 14
40 0.66 0.06 14
40 0.66 0.08 14
40 0.66 0.1 14
40 0.66 0.12 14
40 0.66 0.14 14
40 0.66 0.16 14
40 0.66 0.18 14
40 0.66 0.22 14
40 0.66 0.2 14
40 0.66 0.24 14
40 0.66 0.26 14
40 0.66 0.28 14
40 0.66 0.3 14
40 0.66 0.32 14
40 0.66 0.34 14
40 0.66 0.36 14
40 0.66 0.38 15
40 0.66 0.4 14
40 0.66 0.42 14
40 0.66 0.44 14
40 0.66 0.46 14
40 0.66 0.48 14
40 0.66 0.5 14
40 0.66 0.52 14
40 0.66 0.54 14
40 0.66 0.56 14
40 0.66 0.58 14
40 0.66 0.6 14
40 0.66 0.62 14
40 0.66 0.64 14
40 0.66 0.66 15
40 0.66 0.68 15
40 0.66 0.7 15
40 0.66 0.72 15
40 0.66 0.74 15
40 0.66 0.76 15
40 0.66 0.78 16
40 0.66 0.8 16
40 0.66 0.82 15
40 0.66 0.84 16
40 0.66 0.86 16
40 0.66 0.88 17
40 0.66 0.9 18
40 0.66 0.92 19
40 0.66 0.94 19
40 0.66 0.96 18
40 0.66 0.98 22
40 0.66 1 20
40 0.68 0 15
40 0.68 0.02 14
40 0.68 0.04 14
40 0.68 0.06 14
40 0.68 0.08 14
40 0.68 0.1 14
40 0.68 0.12 14
40 0.68 0.14 14
40 0.68 0.16 14
40 0.68 0.18 15
40 0.68 0.2 14
40 0.68 0.22 14
40 0.68 0.24 14
40 0.68 0.26 14
40 0.68 0.28 14
40 0.68 0.3 14
40 0.68 0.32 14
40 0.68 0.34 14
40 0.68 0.36 14
40 0.68 0.38 14
40 0.68 0.4 14
40 0.68 0.42 14
40 0.68 0.44 14
40 0.68 0.46 14
40 0.68 0.48 14
40 0.68 0.5 14
40 0.68 0.52 14
40 0.68 0.54 14
40 0.68 0.56 14
40 0.68 0.58 14
40 0.68 0.6 15
40 0.68 0.62 14
40 0.68 0.64 15
40 0.68 0.66 15
40 0.68 0.68 15
40 0.68 0.72 15
40 0.68 0.7 15
40 0.68 0.74 15
40 0.68 0.76 15
40 0.68 0.78 15
40 0.68 0.8 15
40 0.68 0.82 15
40 0.68 0.84 16
40 0.68 0.86 17
40 0.68 0.88 17
40 0.68 0.9 17
40 0.68 0.92 17
40 0.68 0.96 19
40 0.68 0.94 17
40 0.68 0.98 22
40 0.68 1 25
40 0.7 0 14
40 0.7 0.02 14
40 0.7 0.04 14
40 0.7 0.06 14
40 0.7 0.08 14
40 0.7 0.1 14
40 0.7 0.14 14
40 0.7 0.12 14
40 0.7 0.16 14
40 0.7 0.18 14
40 0.7 0.2 14
40 0.7 0.22 14
40 0.7 0.24 14
40 0.7 0.26 14
40 0.7 0.28 14
40 0.7 0.3 14
40 0.7 0.32 14
40 0.7 0.34 14
40 0.7 0.36 14
40 0.7 0.38 14
40 0.7 0.4 14
40 0.7 0.42 14
40 0.7 0.44 14
40 0.7 0.46 14
40 0.7 0.48 14
40 0.7 0.5 14
40 0.7 0.52 14
40 0.7 0.54 14
40 0.7 0.56 14
40 0.7 0.58 14
40 0.7 0.6 14
40 0.7 0.62 14
40 0.7 0.64 14
40 0.7 0.66 14
40 0.7 0.68 14
40 0.7 0.7 14
40 0.7 0.72 14
40 0.7 0.74 15
40 0.7 0.76 15
40 0.7 0.78 15
40 0.7 0.8 15
40 0.7 0.82 15
40 0.7 0.84 15
40 0.7 0.86 15
40 0.7 0.88 16
40 0.7 0.9 16
40 0.7 0.92 19
40 0.7 0.94 17
40 0.7 0.96 18
40 0.7 0.98 17
40 0.72 0 14
40 0.7 1 18
40 0.72 0.02 14
40 0.72 0.04 14
40 0.72 0.08 14
40 0.72 0.06 14
40 0.72 0.12 14
40 0.72 0.1 14
40 0.72 0.16 14
40 0.72 0.14 14
40 0.72 0.18 14
40 0.72 0.2 14
40 0.72 0.24 14
40 0.72 0.22 14
40 0.72 0.28 14
40 0.72 0.26 14
40 0.72 0.3 14
40 0.72 0.32 14
40 0.72 0.34 14
40 0.72 0.36 14
40 0.72 0.38 14
40 0.72 0.4 14
40 0.72 0.44 14
40 0.72 0.42 14
40 0.72 0.48 15
40 0.72 0.46 14
40 0.72 0.5 15
40 0.72 0.52 14
40 0.72 0.54 15
40 0.72 0.56 14
40 0.72 0.58 14
40 0.72 0.6 14
40 0.72 0.62 15
40 0.72 0.64 15
40 0.72 0.66 15
40 0.72 0.68 15
40 0.72 0.7 15
40 0.72 0.72 15
40 0.72 0.74 15
40 0.72 0.76 15
40 0.72 0.78 14
40 0.72 0.8 15
40 0.72 0.82 15
40 0.72 0.84 15
40 0.72 0.86 15
40 0.72 0.88 15
40 0.72 0.9 16
40 0.72 0.92 16
40 0.72 0.96 16
40 0.72 0.94 16
40 0.72 0.98 17
40 0.72 1 17
40 0.74 0.02 14
40 0.74 0 14
40 0.74 0.04 14
40 0.74 0.06 14
40 0.74 0.08 14
40 0.74 0.1 14
40 0.74 0.12 14
40 0.74 0.14 14
40 0.74 0.16 14
40 0.74 0.18 14
40 0.74 0.2 14
40 0.74 0.22 14
40 0.74 0.26 14
40 0.74 0.24 14
40 0.74 0.28 14
40 0.74 0.3 14
40 0.74 0.32 14
40 0.74 0.34 14
40 0.74 0.36 14
40 0.74 0.38 14
40 0.74 0.4 14
40 0.74 0.42 14
40 0.74 0.44 14
40 0.74 0.46 14
40 0.74 0.48 14
40 0.74 0.5 14
40 0.74 0.52 14
40 0.74 0.54 14
40 0.74 0.56 14
40 0.74 0.58 14
40 0.74 0.6 14
40 0.74 0.62 14
40 0.74 0.64 14
40 0.74 0.66 14
40 0.74 0.7 14
40 0.74 0.68 14
40 0.74 0.72 14
40 0.74 0.74 14
40 0.74 0.76 14
40 0.74 0.78 14
40 0.74 0.8 15
40 0.74 0.82 15
40 0.74 0.84 15
40 0.74 0.86 16
40 0.74 0.88 15
40 0.74 0.9 16
40 0.74 0.92 19
40 0.74 0.94 19
40 0.74 0.98 19
40 0.74 0.96 17
40 0.76 0 14
40 0.74 1 21
40 0.76 0.02 14
40 0.76 0.04 14
40 0.76 0.06 14
40 0.76 0.08 14
40 0.76 0.1 14
40 0.76 0.12 14
40 0.76 0.14 14
40 0.76 0.16 14
40 0.76 0.18 14
40 0.76 0.2 14
40 0.76 0.22 14
40 0.76 0.24 14
40 0.76 0.26 14
40 0.76 0.28 14
40 0.76 0.3 14
40 0.76 0.32 14
40 0.76 0.34 14
40 0.76 0.36 14
40 0.76 0.38 14
40 0.76 0.4 14
40 0.76 0.42 14
40 0.76 0.44 14
40 0.76 0.46 14
40 0.76 0.48 14
40 0.76 0.5 14
40 0.76 0.52 14
40 0.76 0.54 14
40 0.76 0.56 14
40 0.76 0.58 14
40 0.76 0.6 14
40 0.76 0.62 14
40 0.76 0.64 14
40 0.76 0.66 14
40 0.76 0.68 14
40 0.76 0.7 14
40 0.76 0.72 15
40 0.76 0.74 15
40 0.76 0.76 14
40 0.76 0.78 15
40 0.76 0.8 15
40 0.76 0.82 15
40 0.76 0.84 15
40 0.76 0.86 15
40 0.76 0.88 15
40 0.76 0.9 17
40 0.76 0.92 16
40 0.76 0.94 17
40 0.76 0.96 17
40 0.76 0.98 17
40 0.76 1 17
40 0.78 0 13
40 0.78 0.04 14
40 0.78 0.02 14
40 0.78 0.06 14
40 0.78 0.08 14
40 0.78 0.1 14
40 0.78 0.12 14
40 0.78 0.14 14
40 0.78 0.16 14
40 0.78 0.18 14
40 0.78 0.2 14
40 0.78 0.22 14
40 0.78 0.24 14
40 0.78 0.26 14
40 0.78 0.28 14
40 0.78 0.3 14
40 0.78 0.32 14
40 0.78 0.34 14
40 0.78 0.36 14
40 0.78 0.38 14
40 0.78 0.4 14
40 0.78 0.42 14
40 0.78 0.44 14
40 0.78 0.46 14
40 0.78 0.48 14
40 0.78 0.5 14
40 0.78 0.52 14
40 0.78 0.54 14
40 0.78 0.56 14
40 0.78 0.58 14
40 0.78 0.6 14
40 0.78 0.64 14
40 0.78 0.62 14
40 0.78 0.68 14
40 0.78 0.66 14
40 0.78 0.7 14
40 0.78 0.72 14
40 0.78 0.76 14
40 0.78 0.74 14
40 0.78 0.8 15
40 0.78 0.78 15
40 0.78 0.84 15
40 0.78 0.82 15
40 0.78 0.86 15
40 0.78 0.88 15
40 0.78 0.9 16
40 0.78 0.92 17
40 0.78 0.94 17
40 0.78 0.96 19
40 0.78 1 19
40 0.78 0.98 19
40 0.8 0 14
40 0.8 0.02 14
40 0.8 0.04 14
40 0.8 0.06 14
40 0.8 0.08 14
40 0.8 0.1 14
40 0.8 0.12 14
40 0.8 0.14 13
40 0.8 0.16 14
40 0.8 0.18 14
40 0.8 0.2 14
40 0.8 0.22 14
40 0.8 0.24 14
40 0.8 0.26 14
40 0.8 0.28 14
40 0.8 0.3 14
40 0.8 0.32 14
40 0.8 0.34 14
40 0.8 0.36 14
40 0.8 0.38 14
40 0.8 0.4 14
40 0.8 0.42 14
40 0.8 0.44 14
40 0.8 0.46 14
40 0.8 0.48 14
40 0.8 0.5 14
40 0.8 0.52 14
40 0.8 0.54 14
40 0.8 0.56 14
40 0.8 0.58 14
40 0.8 0.6 14
40 0.8 0.62 14
40 0.8 0.64 14
40 0.8 0.66 14
40 0.8 0.68 14
40 0.8 0.7 14
40 0.8 0.72 14
40 0.8 0.74 14
40 0.8 0.76 15
40 0.8 0.78 14
40 0.8 0.8 14
40 0.8 0.82 14
40 0.8 0.84 15
40 0.8 0.86 15
40 0.8 0.88 15
40 0.8 0.9 16
40 0.8 0.92 17
40 0.8 0.94 17
40 0.8 0.98 21
40 0.8 0.96 19
40 0.82 0 13
40 0.8 1 19
40 0.82 0.02 13
40 0.82 0.04 13
40 0.82 0.06 14
40 0.82 0.08 13
40 0.82 0.12 13
40 0.82 0.1 13
40 0.82 0.14 13
40 0.82 0.16 13
40 0.82 0.18 13
40 0.82 0.2 14
40 0.82 0.22 14
40 0.82 0.24 14
40 0.82 0.26 13
40 0.82 0.28 13
40 0.82 0.3 14
40 0.82 0.32 13
40 0.82 0.34 13
40 0.82 0.36 13
40 0.82 0.4 14
40 0.82 0.38 14
40 0.82 0.42 14
40 0.82 0.44 14
40 0.82 0.46 14
40 0.82 0.48 14
40 0.82 0.5 14
40 0.82 0.52 14
40 0.82 0.54 14
40 0.82 0.56 14
40 0.82 0.58 14
40 0.82 0.6 14
40 0.82 0.62 14
40 0.82 0.64 14
40 0.82 0.66 14
40 0.82 0.68 14
40 0.82 0.7 14
40 0.82 0.72 14
40 0.82 0.74 15
40 0.82 0.76 15
40 0.82 0.78 15
40 0.82 0.8 15
40 0.82 0.82 15
40 0.82 0.84 15
40 0.82 0.86 17
40 0.82 0.88 17
40 0.82 0.92 19
40 0.82 0.9 17
40 0.82 0.96 21
40 0.82 0.94 17
40 0.82 0.98 19
40 0.82 1 17
40 0.84 0 13
40 0.84 0.02 13
40 0.84 0.04 13
40 0.84 0.06 13
40 0.84 0.08 13
40 0.84 0.1 13
40 0.84 0.12 13
40 0.84 0.14 13
40 0.84 0.16 13
40 0.84 0.18 13
40 0.84 0.2 13
40 0.84 0.22 13
40 0.84 0.24 13
40 0.84 0.26 13
40 0.84 0.28 13
40 0.84 0.3 13
40 0.84 0.32 13
40 0.84 0.34 13
40 0.84 0.36 13
40 0.84 0.38 14
40 0.84 0.4 13
40 0.84 0.42 13
40 0.84 0.44 14
40 0.84 0.46 14
40 0.84 0.5 14
40 0.84 0.48 14
40 0.84 0.54 14
40 0.84 0.52 14
40 0.84 0.58 14
40 0.84 0.56 14
40 0.84 0.62 14
40 0.84 0.6 14
40 0.84 0.64 14
40 0.84 0.66 14
40 0.84 0.68 14
40 0.84 0.7 14
40 0.84 0.72 14
40 0.84 0.74 15
40 0.84 0.78 15
40 0.84 0.76 15
40 0.84 0.8 15
40 0.84 0.82 15
40 0.84 0.84 15
40 0.84 0.86 15
40 0.84 0.88 15
40 0.84 0.9 15
40 0.84 0.92 16
40 0.84 0.94 16
40 0.84 0.96 17
40 0.84 0.98 17
40 0.84 1 19
40 0.86 0 13
40 0.86 0.02 13
40 0.86 0.04 13
40 0.86 0.06 13
40 0.86 0.08 13
40 0.86 0.1 13
40 0.86 0.12 13
40 0.86 0.14 13
40 0.86 0.16 13
40 0.86 0.18 13
40 0.86 0.2 13
40 0.86 0.24 13
40 0.86 0.22 13
40 0.86 0.26 13
40 0.86 0.28 13
40 0.86 0.3 13
40 0.86 0.32 13
40 0.86 0.34 13
40 0.86 0.36 13
40 0.86 0.38 13
40 0.86 0.4 13
40 0.86 0.42 13
40 0.86 0.44 14
40 0.86 0.46 14
40 0.86 0.48 13
40 0.86 0.5 14
40 0.86 0.52 14
40 0.86 0.54 14
40 0.86 0.56 14
40 0.86 0.58 14
40 0.86 0.6 14
40 0.86 0.62 14
40 0.86 0.64 14
40 0.86 0.66 14
40 0.86 0.68 14
40 0.86 0.7 14
40 0.86 0.72 14
40 0.86 0.74 14
40 0.86 0.76 14
40 0.86 0.78 14
40 0.86 0.8 15
40 0.86 0.82 15
40 0.86 0.84 15
40 0.86 0.86 15
40 0.86 0.88 15
40 0.86 0.9 17
40 0.86 0.92 17
40 0.86 0.94 17
40 0.86 0.96 17
40 0.86 0.98 17
40 0.86 1 17
40 0.88 0.02 13
40 0.88 0 13
40 0.88 0.04 13
40 0.88 0.06 13
40 0.88 0.1 13
40 0.88 0.08 13
40 0.88 0.12 13
40 0.88 0.14 13
40 0.88 0.16 13
40 0.88 0.18 13
40 0.88 0.2 13
40 0.88 0.22 13
40 0.88 0.26 13
40 0.88 0.24 13
40 0.88 0.3 13
40 0.88 0.28 13
40 0.88 0.32 13
40 0.88 0.34 13
40 0.88 0.36 13
40 0.88 0.38 13
40 0.88 0.4 13
40 0.88 0.42 13
40 0.88 0.46 14
40 0.88 0.44 13
40 0.88 0.48 13
40 0.88 0.5 14
40 0.88 0.52 14
40 0.88 0.54 13
40 0.88 0.56 14
40 0.88 0.58 14
40 0.88 0.6 14
40 0.88 0.62 14
40 0.88 0.64 14
40 0.88 0.66 14
40 0.88 0.7 14
40 0.88 0.68 14
40 0.88 0.72 14
40 0.88 0.74 14
40 0.88 0.78 14
40 0.88 0.76 14
40 0.88 0.82 15
40 0.88 0.8 14
40 0.88 0.84 15
40 0.88 0.86 15
40 0.88 0.9 17
40 0.88 0.88 15
40 0.88 0.92 16
40 0.88 0.94 17
40 0.88 0.96 17
40 0.88 0.98 17
40 0.88 1 17
40 0.9 0 13
40 0.9 0.02 13
40 0.9 0.04 13
40 0.9 0.06 13
40 0.9 0.08 13
40 0.9 0.1 13
40 0.9 0.12 13
40 0.9 0.14 13
40 0.9 0.16 13
40 0.9 0.18 13
40 0.9 0.2 13
40 0.9 0.22 13
40 0.9 0.24 13
40 0.9 0.26 13
40 0.9 0.28 13
40 0.9 0.32 13
40 0.9 0.3 13
40 0.9 0.34 13
40 0.9 0.36 13
40 0.9 0.38 13
40 0.9 0.4 13
40 0.9 0.42 13
40 0.9 0.44 13
40 0.9 0.46 13
40 0.9 0.48 13
40 0.9 0.5 13
40 0.9 0.52 13
40 0.9 0.54 13
40 0.9 0.56 14
40 0.9 0.58 14
40 0.9 0.6 14
40 0.9 0.62 14
40 0.9 0.64 14
40 0.9 0.66 14
40 0.9 0.68 14
40 0.9 0.7 14
40 0.9 0.72 14
40 0.9 0.74 15
40 0.9 0.76 15
40 0.9 0.78 15
40 0.9 0.8 15
40 0.9 0.82 14
40 0.9 0.84 15
40 0.9 0.86 15
40 0.9 0.88 15
40 0.9 0.9 17
40 0.9 0.92 17
40 0.9 0.94 17
40 0.9 0.96 17
40 0.9 0.98 19
40 0.9 1 19
40 0.92 0 13
40 0.92 0.02 13
40 0.92 0.04 13
40 0.92 0.06 13
40 0.92 0.08 13
40 0.92 0.1 13
40 0.92 0.12 13
40 0.92 0.14 13
40 0.92 0.16 13
40 0.92 0.18 13
40 0.92 0.2 13
40 0.92 0.22 13
40 0.92 0.24 13
40 0.92 0.26 13
40 0.92 0.3 13
40 0.92 0.28 13
40 0.92 0.32 13
40 0.92 0.34 13
40 0.92 0.38 13
40 0.92 0.36 13
40 0.92 0.4 13
40 0.92 0.42 13
40 0.92 0.44 13
40 0.92 0.46 13
40 0.92 0.48 13
40 0.92 0.5 13
40 0.92 0.52 13
40 0.92 0.54 13
40 0.92 0.56 13
40 0.92 0.58 13
40 0.92 0.6 13
40 0.92 0.62 14
40 0.92 0.66 14
40 0.92 0.64 14
40 0.92 0.68 14
40 0.92 0.7 14
40 0.92 0.72 14
40 0.92 0.74 14
40 0.92 0.76 14
40 0.92 0.78 15
40 0.92 0.8 15
40 0.92 0.82 15
40 0.92 0.84 15
40 0.92 0.86 15
40 0.92 0.88 16
40 0.92 0.9 17
40 0.92 0.92 15
40 0.92 0.94 15
40 0.92 0.96 17
40 0.92 0.98 17
40 0.92 1 19
40 0.94 0 13
40 0.94 0.02 13
40 0.94 0.04 13
40 0.94 0.06 13
40 0.94 0.08 13
40 0.94 0.1 13
40 0.94 0.12 13
40 0.94 0.14 13
40 0.94 0.16 13
40 0.94 0.18 13
40 0.94 0.2 13
40 0.94 0.22 13
40 0.94 0.24 13
40 0.94 0.26 13
40 0.94 0.28 13
40 0.94 0.3 13
40 0.94 0.32 13
40 0.94 0.34 13
40 0.94 0.36 13
40 0.94 0.38 13
40 0.94 0.4 13
40 0.94 0.42 13
40 0.94 0.44 13
40 0.94 0.46 13
40 0.94 0.48 13
40 0.94 0.5 13
40 0.94 0.52 13
40 0.94 0.54 13
40 0.94 0.56 13
40 0.94 0.58 14
40 0.94 0.6 13
40 0.94 0.62 13
40 0.94 0.64 14
40 0.94 0.66 14
40 0.94 0.68 14
40 0.94 0.7 14
40 0.94 0.72 14
40 0.94 0.74 14
40 0.94 0.76 15
40 0.94 0.78 15
40 0.94 0.8 15
40 0.94 0.82 15
40 0.94 0.84 15
40 0.94 0.86 15
40 0.94 0.88 15
40 0.94 0.9 15
40 0.94 0.92 17
40 0.94 0.94 17
40 0.94 0.96 17
40 0.94 0.98 17
40 0.94 1 19
40 0.96 0 13
40 0.96 0.02 13
40 0.96 0.04 13
40 0.96 0.06 13
40 0.96 0.08 13
40 0.96 0.1 13
40 0.96 0.12 13
40 0.96 0.14 13
40 0.96 0.16 13
40 0.96 0.18 13
40 0.96 0.2 13
40 0.96 0.22 13
40 0.96 0.24 13
40 0.96 0.26 13
40 0.96 0.28 13
40 0.96 0.3 13
40 0.96 0.32 13
40 0.96 0.34 13
40 0.96 0.36 13
40 0.96 0.38 13
40 0.96 0.4 13
40 0.96 0.42 13
40 0.96 0.44 13
40 0.96 0.46 13
40 0.96 0.48 13
40 0.96 0.5 13
40 0.96 0.52 13
40 0.96 0.54 13
40 0.96 0.56 13
40 0.96 0.58 13
40 0.96 0.6 13
40 0.96 0.62 14
40 0.96 0.64 14
40 0.96 0.66 14
40 0.96 0.68 14
40 0.96 0.7 14
40 0.96 0.72 14
40 0.96 0.74 14
40 0.96 0.76 14
40 0.96 0.78 15
40 0.96 0.8 15
40 0.96 0.82 15
40 0.96 0.84 15
40 0.96 0.86 15
40 0.96 0.88 15
40 0.96 0.9 16
40 0.96 0.92 17
40 0.96 0.94 17
40 0.96 0.96 17
40 0.96 0.98 19
40 0.96 1 19
40 0.98 0 13
40 0.98 0.02 13
40 0.98 0.04 13
40 0.98 0.06 13
40 0.98 0.08 13
40 0.98 0.1 13
40 0.98 0.12 13
40 0.98 0.14 13
40 0.98 0.16 13
40 0.98 0.18 13
40 0.98 0.2 13
40 0.98 0.22 13
40 0.98 0.24 13
40 0.98 0.26 13
40 0.98 0.28 13
40 0.98 0.3 13
40 0.98 0.32 13
40 0.98 0.34 13
40 0.98 0.36 13
40 0.98 0.38 13
40 0.98 0.4 13
40 0.98 0.42 13
40 0.98 0.44 13
40 0.98 0.46 13
40 0.98 0.48 13
40 0.98 0.5 13
40 0.98 0.52 13
40 0.98 0.54 13
40 0.98 0.56 13
40 0.98 0.58 13
40 0.98 0.6 13
40 0.98 0.62 14
40 0.98 0.64 14
40 0.98 0.66 14
40 0.98 0.68 14
40 0.98 0.7 14
40 0.98 0.72 14
40 0.98 0.74 14
40 0.98 0.76 14
40 0.98 0.78 15
40 0.98 0.8 15
40 0.98 0.82 15
40 0.98 0.84 15
40 0.98 0.86 15
40 0.98 0.88 15
40 0.98 0.9 15
40 0.98 0.92 17
40 0.98 0.94 19
40 0.98 0.96 19
40 0.98 0.98 19
40 0.98 1 19
40 1 0 13
40 1 0.02 13
40 1 0.04 13
40 1 0.06 13
40 1 0.08 13
40 1 0.1 13
40 1 0.12 13
40 1 0.14 13
40 1 0.16 13
40 1 0.18 13
40 1 0.2 13
40 1 0.22 13
40 1 0.24 13
40 1 0.26 13
40 1 0.28 13
40 1 0.3 13
40 1 0.32 13
40 1 0.34 13
40 1 0.36 13
40 1 0.38 13
40 1 0.4 13
40 1 0.42 13
40 1 0.44 13
40 1 0.46 13
40 1 0.48 13
40 1 0.5 13
40 1 0.52 13
40 1 0.54 13
40 1 0.56 13
40 1 0.6 13
40 1 0.58 13
40 1 0.62 14
40 1 0.64 14
40 1 0.68 14
40 1 0.66 13
40 1 0.7 14
40 1 0.72 14
40 1 0.74 14
40 1 0.76 15
40 1 0.78 15
40 1 0.8 15
40 1 0.82 15
40 1 0.84 15
40 1 0.86 15
40 1 0.88 17
40 1 0.9 17
40 1 0.92 17
40 1 0.94 17
40 1 0.96 19
40 1 0.98 19
40 1 1 19
