40 0 0.02 1000
40 0 0 1000
40 0 0.04 1000
40 0 0.06 1000
40 0 0.08 1000
40 0 0.1 1000
40 0 0.12 1000
40 0 0.14 1000
40 0 0.16 1000
40 0 0.18 1000
40 0 0.2 1000
40 0 0.22 1000
40 0 0.24 1000
40 0 0.26 1000
40 0 0.28 1000
40 0 0.3 1000
40 0 0.32 1000
40 0 0.34 1000
40 0 0.36 1000
40 0 0.38 1000
40 0 0.4 1000
40 0 0.42 1000
40 0 0.44 1000
40 0 0.46 1000
40 0 0.48 1000
40 0 0.5 1000
40 0 0.52 1000
40 0 0.54 1000
40 0 0.56 1000
40 0 0.58 1000
40 0 0.6 1000
40 0 0.62 1000
40 0 0.64 1000
40 0 0.66 1000
40 0 0.68 1000
40 0 0.7 1000
40 0 0.72 1000
40 0 0.74 1000
40 0 0.76 1000
40 0 0.78 1000
40 0 0.8 1000
40 0 0.82 1000
40 0 0.84 1000
40 0 0.86 1000
40 0 0.88 1000
40 0 0.9 1000
40 0 0.92 1000
40 0 0.94 1000
40 0 0.96 1000
40 0 0.98 1000
40 0 1 1000
40 0.02 0 77
40 0.02 0.02 99
40 0.02 0.04 184
40 0.02 0.06 1000
40 0.02 0.08 1000
40 0.02 0.1 1000
40 0.02 0.12 1000
40 0.02 0.14 1000
40 0.02 0.16 1000
40 0.02 0.18 1000
40 0.02 0.2 1000
40 0.02 0.22 1000
40 0.02 0.24 1000
40 0.02 0.26 1000
40 0.02 0.28 1000
40 0.02 0.3 1000
40 0.02 0.32 1000
40 0.02 0.34 1000
40 0.02 0.36 1000
40 0.02 0.38 1000
40 0.02 0.4 1000
40 0.02 0.42 1000
40 0.02 0.44 1000
40 0.02 0.46 1000
40 0.02 0.48 1000
40 0.02 0.5 1000
40 0.02 0.52 1000
40 0.02 0.54 1000
40 0.02 0.56 1000
40 0.02 0.58 1000
40 0.02 0.6 1000
40 0.02 0.62 1000
40 0.02 0.64 1000
40 0.02 0.66 1000
40 0.02 0.68 1000
40 0.02 0.72 1000
40 0.02 0.7 1000
40 0.02 0.74 1000
40 0.02 0.76 1000
40 0.02 0.8 1000
40 0.02 0.78 1000
40 0.02 0.82 1000
40 0.02 0.84 1000
40 0.02 0.86 1000
40 0.02 0.88 1000
40 0.02 0.92 1000
40 0.02 0.9 1000
40 0.02 0.96 1000
40 0.02 0.94 1000
40 0.02 0.98 1000
40 0.02 1 1000
40 0.04 0 38
40 0.04 0.02 45
40 0.04 0.04 49
40 0.04 0.06 60
40 0.04 0.08 94
40 0.04 0.1 1000
40 0.04 0.12 1000
40 0.04 0.14 1000
40 0.04 0.16 1000
40 0.04 0.18 1000
40 0.04 0.2 1000
40 0.04 0.22 1000
40 0.04 0.24 1000
40 0.04 0.26 1000
40 0.04 0.28 1000
40 0.04 0.3 1000
40 0.04 0.32 1000
40 0.04 0.34 1000
40 0.04 0.36 1000
40 0.04 0.38 1000
40 0.04 0.4 1000
40 0.04 0.42 1000
40 0.04 0.44 1000
40 0.04 0.46 1000
40 0.04 0.48 1000
40 0.04 0.5 1000
40 0.04 0.52 1000
40 0.04 0.54 1000
40 0.04 0.56 1000
40 0.04 0.58 1000
40 0.04 0.6 1000
40 0.04 0.62 1000
40 0.04 0.64 1000
40 0.04 0.66 1000
40 0.04 0.68 1000
40 0.04 0.7 1000
40 0.04 0.72 1000
40 0.04 0.74 1000
40 0.04 0.76 1000
40 0.04 0.78 1000
40 0.04 0.8 1000
40 0.04 0.82 1000
40 0.04 0.84 1000
40 0.04 0.86 1000
40 0.04 0.88 1000
40 0.04 0.9 1000
40 0.04 0.92 1000
40 0.04 0.94 1000
40 0.04 0.96 1000
40 0.04 0.98 1000
40 0.04 1 1000
40 0.06 0 27
40 0.06 0.02 29
40 0.06 0.04 32
40 0.06 0.06 37
40 0.06 0.08 41
40 0.06 0.1 56
40 0.06 0.12 95
40 0.06 0.16 1000
40 0.06 0.14 1000
40 0.06 0.18 1000
40 0.06 0.2 1000
40 0.06 0.24 1000
40 0.06 0.22 1000
40 0.06 0.26 1000
40 0.06 0.28 1000
40 0.06 0.3 1000
40 0.06 0.32 1000
40 0.06 0.34 1000
40 0.06 0.36 1000
40 0.06 0.38 1000
40 0.06 0.4 1000
40 0.06 0.42 1000
40 0.06 0.44 1000
40 0.06 0.46 1000
40 0.06 0.48 1000
40 0.06 0.52 1000
40 0.06 0.5 1000
40 0.06 0.54 1000
40 0.06 0.56 1000
40 0.06 0.58 1000
40 0.06 0.6 1000
40 0.06 0.62 1000
40 0.06 0.64 1000
40 0.06 0.66 1000
40 0.06 0.68 1000
40 0.06 0.7 1000
40 0.06 0.72 1000
40 0.06 0.74 1000
40 0.06 0.76 1000
40 0.06 0.78 1000
40 0.06 0.8 1000
40 0.06 0.82 1000
40 0.06 0.84 1000
40 0.06 0.86 1000
40 0.06 0.88 1000
40 0.06 0.9 1000
40 0.06 0.92 1000
40 0.06 0.94 1000
40 0.06 0.96 1000
40 0.06 0.98 1000
40 0.06 1 1000
40 0.08 0 22
40 0.08 0.02 23
40 0.08 0.06 27
40 0.08 0.04 23
40 0.08 0.08 29
40 0.08 0.1 30
40 0.08 0.12 35
40 0.08 0.14 46
40 0.08 0.16 87
40 0.08 0.18 876
40 0.08 0.2 1000
40 0.08 0.22 1000
40 0.08 0.24 1000
40 0.08 0.26 1000
40 0.08 0.28 1000
40 0.08 0.3 1000
40 0.08 0.32 1000
40 0.08 0.34 1000
40 0.08 0.36 1000
40 0.08 0.38 1000
40 0.08 0.4 1000
40 0.08 0.42 1000
40 0.08 0.44 1000
40 0.08 0.46 1000
40 0.08 0.48 1000
40 0.08 0.5 1000
40 0.08 0.52 1000
40 0.08 0.54 1000
40 0.08 0.56 1000
40 0.08 0.58 1000
40 0.08 0.6 1000
40 0.08 0.62 1000
40 0.08 0.64 1000
40 0.08 0.66 1000
40 0.08 0.68 1000
40 0.08 0.7 1000
40 0.08 0.72 1000
40 0.08 0.74 1000
40 0.08 0.76 1000
40 0.08 0.78 1000
40 0.08 0.8 1000
40 0.08 0.82 1000
40 0.08 0.84 1000
40 0.08 0.86 1000
40 0.08 0.88 1000
40 0.08 0.9 1000
40 0.08 0.92 1000
40 0.08 0.94 1000
40 0.08 0.96 1000
40 0.08 0.98 1000
40 0.08 1 1000
40 0.1 0 18
40 0.1 0.02 19
40 0.1 0.04 19
40 0.1 0.06 21
40 0.1 0.08 23
40 0.1 0.1 23
40 0.1 0.12 25
40 0.1 0.16 40
40 0.1 0.14 30
40 0.1 0.18 38
40 0.1 0.2 78
40 0.1 0.22 179
40 0.1 0.24 1000
40 0.1 0.26 1000
40 0.1 0.28 1000
40 0.1 0.3 1000
40 0.1 0.32 1000
40 0.1 0.34 1000
40 0.1 0.36 1000
40 0.1 0.38 1000
40 0.1 0.4 1000
40 0.1 0.42 1000
40 0.1 0.44 1000
40 0.1 0.46 1000
40 0.1 0.48 1000
40 0.1 0.5 1000
40 0.1 0.52 1000
40 0.1 0.54 1000
40 0.1 0.56 1000
40 0.1 0.58 1000
40 0.1 0.6 1000
40 0.1 0.62 1000
40 0.1 0.64 1000
40 0.1 0.66 1000
40 0.1 0.68 1000
40 0.1 0.7 1000
40 0.1 0.72 1000
40 0.1 0.74 1000
40 0.1 0.76 1000
40 0.1 0.78 1000
40 0.1 0.8 1000
40 0.1 0.82 1000
40 0.1 0.84 1000
40 0.1 0.86 1000
40 0.1 0.88 1000
40 0.1 0.9 1000
40 0.1 0.92 1000
40 0.1 0.94 1000
40 0.1 0.96 1000
40 0.1 0.98 1000
40 0.1 1 1000
40 0.12 0 15
40 0.12 0.02 14
40 0.12 0.04 16
40 0.12 0.06 17
40 0.12 0.08 17
40 0.12 0.1 19
40 0.12 0.12 19
40 0.12 0.14 21
40 0.12 0.16 24
40 0.12 0.18 25
40 0.12 0.2 30
40 0.12 0.22 60
40 0.12 0.24 154
40 0.12 0.26 1000
40 0.12 0.28 1000
40 0.12 0.3 1000
40 0.12 0.32 1000
40 0.12 0.34 1000
40 0.12 0.36 1000
40 0.12 0.38 1000
40 0.12 0.4 1000
40 0.12 0.42 1000
40 0.12 0.44 1000
40 0.12 0.46 1000
40 0.12 0.48 1000
40 0.12 0.5 1000
40 0.12 0.52 1000
40 0.12 0.54 1000
40 0.12 0.56 1000
40 0.12 0.58 1000
40 0.12 0.6 1000
40 0.12 0.62 1000
40 0.12 0.64 1000
40 0.12 0.66 1000
40 0.12 0.68 1000
40 0.12 0.7 1000
40 0.12 0.72 1000
40 0.12 0.74 1000
40 0.12 0.76 1000
40 0.12 0.78 1000
40 0.12 0.8 1000
40 0.12 0.82 1000
40 0.12 0.84 1000
40 0.12 0.86 1000
40 0.12 0.88 1000
40 0.12 0.9 1000
40 0.12 0.92 1000
40 0.12 0.94 1000
40 0.12 0.96 1000
40 0.12 0.98 1000
40 0.12 1 1000
40 0.14 0 14
40 0.14 0.02 14
40 0.14 0.04 14
40 0.14 0.06 16
40 0.14 0.08 16
40 0.14 0.1 17
40 0.14 0.12 18
40 0.14 0.14 18
40 0.14 0.16 20
40 0.14 0.18 20
40 0.14 0.2 22
40 0.14 0.22 25
40 0.14 0.24 27
40 0.14 0.26 53
40 0.14 0.28 114
40 0.14 0.3 1000
40 0.14 0.32 1000
40 0.14 0.34 1000
40 0.14 0.36 1000
40 0.14 0.38 1000
40 0.14 0.4 1000
40 0.14 0.42 1000
40 0.14 0.44 1000
40 0.14 0.46 1000
40 0.14 0.48 1000
40 0.14 0.5 1000
40 0.14 0.52 1000
40 0.14 0.54 1000
40 0.14 0.56 1000
40 0.14 0.58 1000
40 0.14 0.6 1000
40 0.14 0.62 1000
40 0.14 0.64 1000
40 0.14 0.66 1000
40 0.14 0.68 1000
40 0.14 0.7 1000
40 0.14 0.72 1000
40 0.14 0.74 1000
40 0.14 0.76 1000
40 0.14 0.78 1000
40 0.14 0.8 1000
40 0.14 0.82 1000
40 0.14 0.84 1000
40 0.14 0.86 1000
40 0.14 0.88 1000
40 0.14 0.9 1000
40 0.14 0.92 1000
40 0.14 0.94 1000
40 0.14 0.96 1000
40 0.14 0.98 1000
40 0.14 1 1000
40 0.16 0 12
40 0.16 0.02 12
40 0.16 0.04 12
40 0.16 0.06 13
40 0.16 0.08 14
40 0.16 0.1 14
40 0.16 0.12 15
40 0.16 0.14 15
40 0.16 0.16 16
40 0.16 0.18 16
40 0.16 0.2 19
40 0.16 0.22 21
40 0.16 0.24 21
40 0.16 0.26 27
40 0.16 0.28 35
40 0.16 0.3 42
40 0.16 0.32 301
40 0.16 0.34 1000
40 0.16 0.36 1000
40 0.16 0.38 1000
40 0.16 0.4 1000
40 0.16 0.42 1000
40 0.16 0.44 1000
40 0.16 0.46 1000
40 0.16 0.48 1000
40 0.16 0.5 1000
40 0.16 0.52 1000
40 0.16 0.54 1000
40 0.16 0.56 1000
40 0.16 0.58 1000
40 0.16 0.6 1000
40 0.16 0.62 1000
40 0.16 0.64 1000
40 0.16 0.66 1000
40 0.16 0.68 1000
40 0.16 0.7 1000
40 0.16 0.72 1000
40 0.16 0.74 1000
40 0.16 0.76 1000
40 0.16 0.78 1000
40 0.16 0.8 1000
40 0.16 0.82 1000
40 0.16 0.84 1000
40 0.16 0.86 1000
40 0.16 0.88 1000
40 0.16 0.9 1000
40 0.16 0.92 1000
40 0.16 0.94 1000
40 0.16 0.96 1000
40 0.16 0.98 1000
40 0.16 1 1000
40 0.18 0 11
40 0.18 0.02 11
40 0.18 0.04 11
40 0.18 0.06 12
40 0.18 0.08 12
40 0.18 0.12 13
40 0.18 0.1 13
40 0.18 0.14 14
40 0.18 0.16 14
40 0.18 0.18 16
40 0.18 0.2 17
40 0.18 0.22 17
40 0.18 0.24 20
40 0.18 0.26 21
40 0.18 0.28 24
40 0.18 0.3 25
40 0.18 0.32 27
40 0.18 0.34 52
40 0.18 0.36 1000
40 0.18 0.38 1000
40 0.18 0.4 1000
40 0.18 0.42 1000
40 0.18 0.44 1000
40 0.18 0.46 1000
40 0.18 0.48 1000
40 0.18 0.5 1000
40 0.18 0.52 1000
40 0.18 0.54 1000
40 0.18 0.56 1000
40 0.18 0.58 1000
40 0.18 0.6 1000
40 0.18 0.62 1000
40 0.18 0.64 1000
40 0.18 0.66 1000
40 0.18 0.68 1000
40 0.18 0.7 1000
40 0.18 0.72 1000
40 0.18 0.74 1000
40 0.18 0.76 1000
40 0.18 0.78 1000
40 0.18 0.8 1000
40 0.18 0.82 1000
40 0.18 0.84 1000
40 0.18 0.86 1000
40 0.18 0.88 1000
40 0.18 0.9 1000
40 0.18 0.92 1000
40 0.18 0.94 1000
40 0.18 0.96 1000
40 0.18 0.98 1000
40 0.18 1 1000
40 0.2 0 11
40 0.2 0.02 11
40 0.2 0.04 11
40 0.2 0.06 11
40 0.2 0.08 11
40 0.2 0.1 11
40 0.2 0.12 12
40 0.2 0.14 13
40 0.2 0.16 14
40 0.2 0.18 13
40 0.2 0.2 14
40 0.2 0.22 15
40 0.2 0.24 17
40 0.2 0.26 17
40 0.2 0.28 18
40 0.2 0.3 19
40 0.2 0.32 21
40 0.2 0.34 31
40 0.2 0.36 35
40 0.2 0.38 58
40 0.2 0.4 1000
40 0.2 0.42 1000
40 0.2 0.44 1000
40 0.2 0.46 1000
40 0.2 0.48 1000
40 0.2 0.5 1000
40 0.2 0.52 1000
40 0.2 0.54 1000
40 0.2 0.56 1000
40 0.2 0.58 1000
40 0.2 0.6 1000
40 0.2 0.62 1000
40 0.2 0.64 1000
40 0.2 0.66 1000
40 0.2 0.68 1000
40 0.2 0.7 1000
40 0.2 0.72 1000
40 0.2 0.74 1000
40 0.2 0.76 1000
40 0.2 0.78 1000
40 0.2 0.8 1000
40 0.2 0.82 1000
40 0.2 0.84 1000
40 0.2 0.86 1000
40 0.2 0.88 1000
40 0.2 0.9 1000
40 0.2 0.92 1000
40 0.2 0.94 1000
40 0.2 0.96 1000
40 0.2 0.98 1000
40 0.22 0 11
40 0.2 1 1000
40 0.22 0.02 11
40 0.22 0.04 11
40 0.22 0.06 11
40 0.22 0.08 11
40 0.22 0.1 11
40 0.22 0.12 12
40 0.22 0.14 12
40 0.22 0.16 13
40 0.22 0.18 13
40 0.22 0.2 13
40 0.22 0.22 14
40 0.22 0.24 14
40 0.22 0.26 16
40 0.22 0.28 15
40 0.22 0.3 18
40 0.22 0.32 19
40 0.22 0.34 21
40 0.22 0.36 24
40 0.22 0.38 37
40 0.22 0.4 90
40 0.22 0.42 1000
40 0.22 0.44 1000
40 0.22 0.46 1000
40 0.22 0.48 1000
40 0.22 0.5 1000
40 0.22 0.52 1000
40 0.22 0.54 1000
40 0.22 0.56 1000
40 0.22 0.58 1000
40 0.22 0.6 1000
40 0.22 0.62 1000
40 0.22 0.64 1000
40 0.22 0.66 1000
40 0.22 0.68 1000
40 0.22 0.7 1000
40 0.22 0.72 1000
40 0.22 0.74 1000
40 0.22 0.76 1000
40 0.22 0.78 1000
40 0.22 0.8 1000
40 0.22 0.82 1000
40 0.22 0.84 1000
40 0.22 0.86 1000
40 0.22 0.88 1000
40 0.22 0.9 1000
40 0.22 0.92 1000
40 0.22 0.96 1000
40 0.22 0.94 1000
40 0.22 0.98 1000
40 0.22 1 1000
40 0.24 0 9
40 0.24 0.02 9
40 0.24 0.04 10
40 0.24 0.06 10
40 0.24 0.08 10
40 0.24 0.1 10
40 0.24 0.12 11
40 0.24 0.14 11
40 0.24 0.16 12
40 0.24 0.18 12
40 0.24 0.2 12
40 0.24 0.22 13
40 0.24 0.24 13
40 0.24 0.26 14
40 0.24 0.28 16
40 0.24 0.3 16
40 0.24 0.32 18
40 0.24 0.34 18
40 0.24 0.36 20
40 0.24 0.38 23
40 0.24 0.4 28
40 0.24 0.42 37
40 0.24 0.44 121
40 0.24 0.46 1000
40 0.24 0.48 1000
40 0.24 0.5 1000
40 0.24 0.52 1000
40 0.24 0.54 1000
40 0.24 0.56 1000
40 0.24 0.58 1000
40 0.24 0.6 1000
40 0.24 0.62 1000
40 0.24 0.64 1000
40 0.24 0.66 1000
40 0.24 0.68 1000
40 0.24 0.7 1000
40 0.24 0.72 1000
40 0.24 0.74 1000
40 0.24 0.76 1000
40 0.24 0.78 1000
40 0.24 0.8 1000
40 0.24 0.82 1000
40 0.24 0.84 1000
40 0.24 0.86 1000
40 0.24 0.88 1000
40 0.24 0.9 1000
40 0.24 0.92 1000
40 0.24 0.94 1000
40 0.24 0.96 1000
40 0.24 0.98 1000
40 0.24 1 1000
40 0.26 0 9
40 0.26 0.02 9
40 0.26 0.04 10
40 0.26 0.06 10
40 0.26 0.08 10
40 0.26 0.1 10
40 0.26 0.12 10
40 0.26 0.14 10
40 0.26 0.16 11
40 0.26 0.18 10
40 0.26 0.2 11
40 0.26 0.22 12
40 0.26 0.24 12
40 0.26 0.26 14
40 0.26 0.28 13
40 0.26 0.3 14
40 0.26 0.32 14
40 0.26 0.34 16
40 0.26 0.36 17
40 0.26 0.38 18
40 0.26 0.4 19
40 0.26 0.42 29
40 0.26 0.44 27
40 0.26 0.46 48
40 0.26 0.48 994
40 0.26 0.5 1000
40 0.26 0.52 1000
40 0.26 0.54 1000
40 0.26 0.56 1000
40 0.26 0.58 1000
40 0.26 0.6 1000
40 0.26 0.62 1000
40 0.26 0.64 1000
40 0.26 0.66 1000
40 0.26 0.68 1000
40 0.26 0.7 1000
40 0.26 0.72 1000
40 0.26 0.74 1000
40 0.26 0.76 1000
40 0.26 0.78 1000
40 0.26 0.8 1000
40 0.26 0.82 1000
40 0.26 0.84 1000
40 0.26 0.86 1000
40 0.26 0.88 1000
40 0.26 0.9 1000
40 0.26 0.92 1000
40 0.26 0.94 1000
40 0.26 0.96 1000
40 0.26 0.98 1000
40 0.28 0 8
40 0.26 1 1000
40 0.28 0.02 8
40 0.28 0.04 8
40 0.28 0.06 8
40 0.28 0.08 8
40 0.28 0.1 10
40 0.28 0.12 10
40 0.28 0.14 10
40 0.28 0.16 10
40 0.28 0.18 10
40 0.28 0.2 10
40 0.28 0.22 10
40 0.28 0.24 11
40 0.28 0.26 12
40 0.28 0.28 12
40 0.28 0.3 12
40 0.28 0.32 13
40 0.28 0.34 15
40 0.28 0.36 15
40 0.28 0.38 16
40 0.28 0.4 19
40 0.28 0.42 18
40 0.28 0.44 25
40 0.28 0.46 30
40 0.28 0.48 68
40 0.28 0.5 457
40 0.28 0.52 1000
40 0.28 0.54 1000
40 0.28 0.56 1000
40 0.28 0.58 1000
40 0.28 0.6 1000
40 0.28 0.62 1000
40 0.28 0.64 1000
40 0.28 0.66 1000
40 0.28 0.68 1000
40 0.28 0.7 1000
40 0.28 0.72 1000
40 0.28 0.74 1000
40 0.28 0.76 1000
40 0.28 0.78 1000
40 0.28 0.8 1000
40 0.28 0.82 1000
40 0.28 0.84 1000
40 0.28 0.86 1000
40 0.28 0.88 1000
40 0.28 0.9 1000
40 0.28 0.92 1000
40 0.28 0.94 1000
40 0.28 0.96 1000
40 0.28 0.98 1000
40 0.28 1 1000
40 0.3 0 9
40 0.3 0.02 9
40 0.3 0.04 9
40 0.3 0.06 9
40 0.3 0.08 9
40 0.3 0.1 10
40 0.3 0.12 10
40 0.3 0.14 9
40 0.3 0.16 10
40 0.3 0.18 10
40 0.3 0.2 10
40 0.3 0.22 10
40 0.3 0.24 10
40 0.3 0.26 10
40 0.3 0.28 11
40 0.3 0.3 12
40 0.3 0.32 10
40 0.3 0.34 13
40 0.3 0.36 12
40 0.3 0.38 15
40 0.3 0.4 14
40 0.3 0.42 18
40 0.3 0.44 18
40 0.3 0.46 22
40 0.3 0.48 25
40 0.3 0.5 34
40 0.3 0.52 63
40 0.3 0.54 1000
40 0.3 0.56 1000
40 0.3 0.58 1000
40 0.3 0.6 1000
40 0.3 0.62 1000
40 0.3 0.64 1000
40 0.3 0.66 1000
40 0.3 0.68 1000
40 0.3 0.7 1000
40 0.3 0.72 1000
40 0.3 0.74 1000
40 0.3 0.76 1000
40 0.3 0.78 1000
40 0.3 0.8 1000
40 0.3 0.82 1000
40 0.3 0.84 1000
40 0.3 0.86 1000
40 0.3 0.88 1000
40 0.3 0.9 1000
40 0.3 0.92 1000
40 0.3 0.96 1000
40 0.3 0.94 1000
40 0.3 0.98 1000
40 0.3 1 1000
40 0.32 0 9
40 0.32 0.02 9
40 0.32 0.04 10
40 0.32 0.06 9
40 0.32 0.08 10
40 0.32 0.1 10
40 0.32 0.12 10
40 0.32 0.14 10
40 0.32 0.16 10
40 0.32 0.18 10
40 0.32 0.2 10
40 0.32 0.22 11
40 0.32 0.24 9
40 0.32 0.26 10
40 0.32 0.28 10
40 0.32 0.3 10
40 0.32 0.32 11
40 0.32 0.34 11
40 0.32 0.36 11
40 0.32 0.38 12
40 0.32 0.4 13
40 0.32 0.42 13
40 0.32 0.46 14
40 0.32 0.44 14
40 0.32 0.5 20
40 0.32 0.48 19
40 0.32 0.52 24
40 0.32 0.54 32
40 0.32 0.56 224
40 0.32 0.58 1000
40 0.32 0.6 1000
40 0.32 0.62 1000
40 0.32 0.64 1000
40 0.32 0.66 1000
40 0.32 0.68 1000
40 0.32 0.7 1000
40 0.32 0.72 1000
40 0.32 0.74 1000
40 0.32 0.76 1000
40 0.32 0.78 1000
40 0.32 0.8 1000
40 0.32 0.82 1000
40 0.32 0.84 1000
40 0.32 0.86 1000
40 0.32 0.88 1000
40 0.32 0.9 1000
40 0.32 0.92 1000
40 0.32 0.94 1000
40 0.32 0.96 1000
40 0.32 0.98 1000
40 0.34 0 8
40 0.32 1 1000
40 0.34 0.02 8
40 0.34 0.04 8
40 0.34 0.06 8
40 0.34 0.08 8
40 0.34 0.12 8
40 0.34 0.1 8
40 0.34 0.14 8
40 0.34 0.16 8
40 0.34 0.18 8
40 0.34 0.2 8
40 0.34 0.24 9
40 0.34 0.22 9
40 0.34 0.26 8
40 0.34 0.28 9
40 0.34 0.3 9
40 0.34 0.32 9
40 0.34 0.36 12
40 0.34 0.34 12
40 0.34 0.38 12
40 0.34 0.4 12
40 0.34 0.42 14
40 0.34 0.44 14
40 0.34 0.46 16
40 0.34 0.48 15
40 0.34 0.5 20
40 0.34 0.52 26
40 0.34 0.54 22
40 0.34 0.56 28
40 0.34 0.58 517
40 0.34 0.6 1000
40 0.34 0.62 1000
40 0.34 0.64 1000
40 0.34 0.66 1000
40 0.34 0.68 1000
40 0.34 0.7 1000
40 0.34 0.72 1000
40 0.34 0.74 1000
40 0.34 0.76 1000
40 0.34 0.78 1000
40 0.34 0.8 1000
40 0.34 0.82 1000
40 0.34 0.84 1000
40 0.34 0.86 1000
40 0.34 0.88 1000
40 0.34 0.9 1000
40 0.34 0.92 1000
40 0.34 0.94 1000
40 0.34 0.96 1000
40 0.34 0.98 1000
40 0.34 1 1000
40 0.36 0 8
40 0.36 0.02 8
40 0.36 0.04 8
40 0.36 0.06 8
40 0.36 0.08 8
40 0.36 0.1 8
40 0.36 0.12 8
40 0.36 0.14 8
40 0.36 0.16 8
40 0.36 0.18 8
40 0.36 0.2 8
40 0.36 0.22 8
40 0.36 0.24 8
40 0.36 0.26 8
40 0.36 0.28 9
40 0.36 0.3 9
40 0.36 0.32 9
40 0.36 0.34 9
40 0.36 0.36 10
40 0.36 0.38 11
40 0.36 0.4 11
40 0.36 0.42 11
40 0.36 0.44 13
40 0.36 0.46 13
40 0.36 0.48 13
40 0.36 0.5 16
40 0.36 0.52 12
40 0.36 0.54 19
40 0.36 0.56 18
40 0.36 0.58 30
40 0.36 0.6 75
40 0.36 0.62 1000
40 0.36 0.64 1000
40 0.36 0.66 1000
40 0.36 0.68 1000
40 0.36 0.7 1000
40 0.36 0.72 1000
40 0.36 0.74 1000
40 0.36 0.76 1000
40 0.36 0.78 1000
40 0.36 0.8 1000
40 0.36 0.82 1000
40 0.36 0.84 1000
40 0.36 0.86 1000
40 0.36 0.88 1000
40 0.36 0.9 1000
40 0.36 0.92 1000
40 0.36 0.94 1000
40 0.36 0.96 1000
40 0.36 0.98 1000
40 0.36 1 1000
40 0.38 0 8
40 0.38 0.02 8
40 0.38 0.04 8
40 0.38 0.06 8
40 0.38 0.08 8
40 0.38 0.1 8
40 0.38 0.12 8
40 0.38 0.14 8
40 0.38 0.16 8
40 0.38 0.18 8
40 0.38 0.2 7
40 0.38 0.22 7
40 0.38 0.24 8
40 0.38 0.26 8
40 0.38 0.28 8
40 0.38 0.3 8
40 0.38 0.32 8
40 0.38 0.34 9
40 0.38 0.36 8
40 0.38 0.38 9
40 0.38 0.4 9
40 0.38 0.42 9
40 0.38 0.44 9
40 0.38 0.46 11
40 0.38 0.48 11
40 0.38 0.5 12
40 0.38 0.52 14
40 0.38 0.54 14
40 0.38 0.56 14
40 0.38 0.58 15
40 0.38 0.6 22
40 0.38 0.62 40
40 0.38 0.64 1000
40 0.38 0.66 1000
40 0.38 0.68 1000
40 0.38 0.7 1000
40 0.38 0.72 1000
40 0.38 0.74 1000
40 0.38 0.76 1000
40 0.38 0.78 1000
40 0.38 0.8 1000
40 0.38 0.82 1000
40 0.38 0.84 1000
40 0.38 0.86 1000
40 0.38 0.88 1000
40 0.38 0.9 1000
40 0.38 0.92 1000
40 0.38 0.94 1000
40 0.38 0.96 1000
40 0.38 0.98 1000
40 0.4 0 6
40 0.38 1 1000
40 0.4 0.02 7
40 0.4 0.04 6
40 0.4 0.06 6
40 0.4 0.08 7
40 0.4 0.1 7
40 0.4 0.12 8
40 0.4 0.14 8
40 0.4 0.16 8
40 0.4 0.18 8
40 0.4 0.2 8
40 0.4 0.22 8
40 0.4 0.24 8
40 0.4 0.26 8
40 0.4 0.28 8
40 0.4 0.3 8
40 0.4 0.32 8
40 0.4 0.34 9
40 0.4 0.36 10
40 0.4 0.38 10
40 0.4 0.4 10
40 0.4 0.42 10
40 0.4 0.44 11
40 0.4 0.46 11
40 0.4 0.48 12
40 0.4 0.5 13
40 0.4 0.52 14
40 0.4 0.54 16
40 0.4 0.56 16
40 0.4 0.58 13
40 0.4 0.6 14
40 0.4 0.62 22
40 0.4 0.64 41
40 0.4 0.66 846
40 0.4 0.68 1000
40 0.4 0.7 1000
40 0.4 0.72 1000
40 0.4 0.74 1000
40 0.4 0.76 1000
40 0.4 0.78 1000
40 0.4 0.8 1000
40 0.4 0.82 1000
40 0.4 0.84 1000
40 0.4 0.86 1000
40 0.4 0.88 1000
40 0.4 0.9 1000
40 0.4 0.92 1000
40 0.4 0.94 1000
40 0.4 0.96 1000
40 0.4 0.98 1000
40 0.4 1 1000
40 0.42 0 8
40 0.42 0.02 8
40 0.42 0.04 8
40 0.42 0.06 8
40 0.42 0.08 8
40 0.42 0.1 8
40 0.42 0.12 8
40 0.42 0.14 8
40 0.42 0.16 8
40 0.42 0.18 8
40 0.42 0.2 8
40 0.42 0.22 9
40 0.42 0.24 9
40 0.42 0.26 7
40 0.42 0.28 7
40 0.42 0.3 7
40 0.42 0.32 8
40 0.42 0.34 8
40 0.42 0.36 8
40 0.42 0.38 8
40 0.42 0.4 8
40 0.42 0.42 8
40 0.42 0.44 8
40 0.42 0.46 9
40 0.42 0.48 10
40 0.42 0.5 10
40 0.42 0.52 11
40 0.42 0.54 12
40 0.42 0.56 14
40 0.42 0.58 12
40 0.42 0.6 16
40 0.42 0.62 19
40 0.42 0.64 19
40 0.42 0.66 65
40 0.42 0.68 374
40 0.42 0.7 1000
40 0.42 0.72 1000
40 0.42 0.74 1000
40 0.42 0.76 1000
40 0.42 0.78 1000
40 0.42 0.8 1000
40 0.42 0.82 1000
40 0.42 0.84 1000
40 0.42 0.86 1000
40 0.42 0.88 1000
40 0.42 0.9 1000
40 0.42 0.92 1000
40 0.42 0.94 1000
40 0.42 0.96 1000
40 0.42 0.98 1000
40 0.44 0 6
40 0.42 1 1000
40 0.44 0.02 7
40 0.44 0.04 7
40 0.44 0.06 7
40 0.44 0.08 7
40 0.44 0.1 7
40 0.44 0.12 7
40 0.44 0.14 7
40 0.44 0.16 8
40 0.44 0.18 8
40 0.44 0.2 8
40 0.44 0.22 8
40 0.44 0.24 8
40 0.44 0.26 8
40 0.44 0.28 8
40 0.44 0.3 8
40 0.44 0.32 8
40 0.44 0.34 8
40 0.44 0.36 8
40 0.44 0.38 8
40 0.44 0.4 8
40 0.44 0.42 8
40 0.44 0.44 9
40 0.44 0.46 9
40 0.44 0.48 9
40 0.44 0.5 9
40 0.44 0.52 10
40 0.44 0.54 9
40 0.44 0.56 10
40 0.44 0.58 9
40 0.44 0.6 12
40 0.44 0.62 14
40 0.44 0.64 14
40 0.44 0.66 21
40 0.44 0.68 32
40 0.44 0.7 75
40 0.44 0.72 1000
40 0.44 0.74 1000
40 0.44 0.76 1000
40 0.44 0.78 1000
40 0.44 0.8 1000
40 0.44 0.82 1000
40 0.44 0.84 1000
40 0.44 0.86 1000
40 0.44 0.88 1000
40 0.44 0.9 1000
40 0.44 0.92 1000
40 0.44 0.94 1000
40 0.44 0.96 1000
40 0.44 0.98 1000
40 0.46 0 7
40 0.44 1 1000
40 0.46 0.02 7
40 0.46 0.04 7
40 0.46 0.06 8
40 0.46 0.08 6
40 0.46 0.1 6
40 0.46 0.12 6
40 0.46 0.14 6
40 0.46 0.16 7
40 0.46 0.18 7
40 0.46 0.2 7
40 0.46 0.22 7
40 0.46 0.24 7
40 0.46 0.26 7
40 0.46 0.28 7
40 0.46 0.3 8
40 0.46 0.32 8
40 0.46 0.34 8
40 0.46 0.36 8
40 0.46 0.38 9
40 0.46 0.4 8
40 0.46 0.42 8
40 0.46 0.44 8
40 0.46 0.46 9
40 0.46 0.48 9
40 0.46 0.5 9
40 0.46 0.52 9
40 0.46 0.54 9
40 0.46 0.56 9
40 0.46 0.58 10
40 0.46 0.6 10
40 0.46 0.62 11
40 0.46 0.64 13
40 0.46 0.66 14
40 0.46 0.68 15
40 0.46 0.7 43
40 0.46 0.72 75
40 0.46 0.74 1000
40 0.46 0.76 1000
40 0.46 0.78 1000
40 0.46 0.8 1000
40 0.46 0.82 1000
40 0.46 0.84 1000
40 0.46 0.86 1000
40 0.46 0.88 1000
40 0.46 0.9 1000
40 0.46 0.92 1000
40 0.46 0.94 1000
40 0.46 0.96 1000
40 0.46 0.98 1000
40 0.46 1 1000
40 0.48 0 6
40 0.48 0.02 6
40 0.48 0.04 6
40 0.48 0.06 6
40 0.48 0.08 7
40 0.48 0.1 7
40 0.48 0.12 7
40 0.48 0.14 7
40 0.48 0.16 7
40 0.48 0.18 7
40 0.48 0.2 7
40 0.48 0.22 7
40 0.48 0.24 7
40 0.48 0.26 7
40 0.48 0.28 7
40 0.48 0.3 7
40 0.48 0.32 7
40 0.48 0.34 7
40 0.48 0.36 7
40 0.48 0.38 7
40 0.48 0.4 7
40 0.48 0.42 8
40 0.48 0.44 8
40 0.48 0.46 8
40 0.48 0.48 8
40 0.48 0.5 8
40 0.48 0.52 8
40 0.48 0.54 8
40 0.48 0.56 9
40 0.48 0.58 9
40 0.48 0.6 9
40 0.48 0.62 10
40 0.48 0.64 11
40 0.48 0.66 10
40 0.48 0.68 12
40 0.48 0.7 15
40 0.48 0.72 22
40 0.48 0.74 87
40 0.48 0.76 774
40 0.48 0.78 1000
40 0.48 0.8 1000
40 0.48 0.82 1000
40 0.48 0.84 1000
40 0.48 0.86 1000
40 0.48 0.88 1000
40 0.48 0.9 1000
40 0.48 0.92 1000
40 0.48 0.94 1000
40 0.48 0.96 1000
40 0.48 0.98 1000
40 0.5 0 6
40 0.48 1 1000
40 0.5 0.02 6
40 0.5 0.04 6
40 0.5 0.06 6
40 0.5 0.08 6
40 0.5 0.1 6
40 0.5 0.12 6
40 0.5 0.14 6
40 0.5 0.16 6
40 0.5 0.18 6
40 0.5 0.2 6
40 0.5 0.22 6
40 0.5 0.24 6
40 0.5 0.26 6
40 0.5 0.28 6
40 0.5 0.3 6
40 0.5 0.32 6
40 0.5 0.34 7
40 0.5 0.36 6
40 0.5 0.38 7
40 0.5 0.4 7
40 0.5 0.42 7
40 0.5 0.44 7
40 0.5 0.46 8
40 0.5 0.48 8
40 0.5 0.5 8
40 0.5 0.52 8
40 0.5 0.54 8
40 0.5 0.56 8
40 0.5 0.58 9
40 0.5 0.6 10
40 0.5 0.62 10
40 0.5 0.64 11
40 0.5 0.66 11
40 0.5 0.68 12
40 0.5 0.7 14
40 0.5 0.72 13
40 0.5 0.74 31
40 0.5 0.76 26
40 0.5 0.78 1000
40 0.5 0.8 1000
40 0.5 0.82 1000
40 0.5 0.84 1000
40 0.5 0.86 1000
40 0.5 0.88 1000
40 0.5 0.9 1000
40 0.5 0.92 1000
40 0.5 0.94 1000
40 0.5 0.96 1000
40 0.5 0.98 1000
40 0.5 1 1000
40 0.52 0 6
40 0.52 0.02 6
40 0.52 0.04 6
40 0.52 0.06 6
40 0.52 0.08 6
40 0.52 0.1 6
40 0.52 0.12 6
40 0.52 0.14 6
40 0.52 0.16 6
40 0.52 0.18 6
40 0.52 0.2 6
40 0.52 0.22 6
40 0.52 0.24 6
40 0.52 0.26 6
40 0.52 0.28 6
40 0.52 0.3 6
40 0.52 0.32 6
40 0.52 0.34 6
40 0.52 0.36 7
40 0.52 0.38 7
40 0.52 0.4 7
40 0.52 0.42 7
40 0.52 0.44 7
40 0.52 0.46 8
40 0.52 0.48 7
40 0.52 0.5 8
40 0.52 0.52 8
40 0.52 0.54 8
40 0.52 0.56 8
40 0.52 0.58 8
40 0.52 0.6 9
40 0.52 0.62 10
40 0.52 0.64 9
40 0.52 0.66 10
40 0.52 0.68 10
40 0.52 0.7 12
40 0.52 0.72 12
40 0.52 0.74 16
40 0.52 0.76 18
40 0.52 0.78 30
40 0.52 0.8 781
40 0.52 0.82 1000
40 0.52 0.84 1000
40 0.52 0.86 1000
40 0.52 0.88 1000
40 0.52 0.9 1000
40 0.52 0.92 1000
40 0.52 0.94 1000
40 0.52 0.96 1000
40 0.52 0.98 1000
40 0.54 0 6
40 0.52 1 1000
40 0.54 0.02 6
40 0.54 0.04 6
40 0.54 0.06 6
40 0.54 0.08 6
40 0.54 0.1 6
40 0.54 0.12 6
40 0.54 0.14 6
40 0.54 0.16 6
40 0.54 0.18 6
40 0.54 0.2 7
40 0.54 0.22 7
40 0.54 0.24 7
40 0.54 0.26 7
40 0.54 0.28 7
40 0.54 0.3 7
40 0.54 0.32 7
40 0.54 0.34 7
40 0.54 0.36 7
40 0.54 0.38 7
40 0.54 0.4 8
40 0.54 0.42 7
40 0.54 0.44 7
40 0.54 0.46 7
40 0.54 0.48 7
40 0.54 0.5 8
40 0.54 0.52 7
40 0.54 0.54 7
40 0.54 0.56 8
40 0.54 0.58 8
40 0.54 0.6 8
40 0.54 0.62 8
40 0.54 0.64 8
40 0.54 0.66 8
40 0.54 0.68 9
40 0.54 0.7 10
40 0.54 0.72 10
40 0.54 0.74 12
40 0.54 0.76 12
40 0.54 0.78 14
40 0.54 0.8 21
40 0.54 0.82 168
40 0.54 0.84 233
40 0.54 0.86 1000
40 0.54 0.88 1000
40 0.54 0.9 1000
40 0.54 0.92 1000
40 0.54 0.94 1000
40 0.54 0.96 1000
40 0.54 0.98 1000
40 0.54 1 1000
40 0.56 0 6
40 0.56 0.02 6
40 0.56 0.04 6
40 0.56 0.06 6
40 0.56 0.08 6
40 0.56 0.1 6
40 0.56 0.12 6
40 0.56 0.14 6
40 0.56 0.16 6
40 0.56 0.18 6
40 0.56 0.2 6
40 0.56 0.22 6
40 0.56 0.24 6
40 0.56 0.26 6
40 0.56 0.28 6
40 0.56 0.3 6
40 0.56 0.32 6
40 0.56 0.34 6
40 0.56 0.36 6
40 0.56 0.38 6
40 0.56 0.4 6
40 0.56 0.42 6
40 0.56 0.44 6
40 0.56 0.46 6
40 0.56 0.48 6
40 0.56 0.5 6
40 0.56 0.52 6
40 0.56 0.54 6
40 0.56 0.56 7
40 0.56 0.58 7
40 0.56 0.6 7
40 0.56 0.62 8
40 0.56 0.64 8
40 0.56 0.66 8
40 0.56 0.68 9
40 0.56 0.7 8
40 0.56 0.72 10
40 0.56 0.74 10
40 0.56 0.76 11
40 0.56 0.78 14
40 0.56 0.8 12
40 0.56 0.82 19
40 0.56 0.84 18
40 0.56 0.86 534
40 0.56 0.88 1000
40 0.56 0.9 1000
40 0.56 0.92 1000
40 0.56 0.94 1000
40 0.56 0.96 1000
40 0.56 0.98 1000
40 0.56 1 1000
40 0.58 0 6
40 0.58 0.02 6
40 0.58 0.04 6
40 0.58 0.06 6
40 0.58 0.08 6
40 0.58 0.1 6
40 0.58 0.12 6
40 0.58 0.14 6
40 0.58 0.16 6
40 0.58 0.18 6
40 0.58 0.2 6
40 0.58 0.22 6
40 0.58 0.24 6
40 0.58 0.26 6
40 0.58 0.28 6
40 0.58 0.3 6
40 0.58 0.32 6
40 0.58 0.34 6
40 0.58 0.36 6
40 0.58 0.38 6
40 0.58 0.4 6
40 0.58 0.42 6
40 0.58 0.44 6
40 0.58 0.46 6
40 0.58 0.48 6
40 0.58 0.5 7
40 0.58 0.52 7
40 0.58 0.54 7
40 0.58 0.56 7
40 0.58 0.58 7
40 0.58 0.6 7
40 0.58 0.62 7
40 0.58 0.64 7
40 0.58 0.66 8
40 0.58 0.68 8
40 0.58 0.7 9
40 0.58 0.72 9
40 0.58 0.74 10
40 0.58 0.76 10
40 0.58 0.78 10
40 0.58 0.8 10
40 0.58 0.82 12
40 0.58 0.84 14
40 0.58 0.86 15
40 0.58 0.88 46
40 0.58 0.9 1000
40 0.58 0.92 1000
40 0.58 0.96 1000
40 0.58 0.94 1000
40 0.58 0.98 1000
40 0.58 1 1000
40 0.6 0 6
40 0.6 0.02 6
40 0.6 0.06 6
40 0.6 0.04 6
40 0.6 0.08 6
40 0.6 0.1 6
40 0.6 0.12 6
40 0.6 0.14 6
40 0.6 0.16 6
40 0.6 0.18 6
40 0.6 0.2 6
40 0.6 0.22 6
40 0.6 0.24 6
40 0.6 0.26 6
40 0.6 0.28 6
40 0.6 0.3 6
40 0.6 0.32 6
40 0.6 0.34 6
40 0.6 0.36 6
40 0.6 0.38 6
40 0.6 0.4 6
40 0.6 0.42 6
40 0.6 0.44 6
40 0.6 0.46 6
40 0.6 0.48 6
40 0.6 0.5 6
40 0.6 0.52 6
40 0.6 0.54 6
40 0.6 0.56 6
40 0.6 0.58 6
40 0.6 0.6 6
40 0.6 0.62 6
40 0.6 0.64 6
40 0.6 0.66 7
40 0.6 0.68 6
40 0.6 0.7 6
40 0.6 0.72 6
40 0.6 0.74 6
40 0.6 0.76 7
40 0.6 0.78 7
40 0.6 0.8 8
40 0.6 0.82 9
40 0.6 0.84 8
40 0.6 0.86 12
40 0.6 0.88 14
40 0.6 0.9 330
40 0.6 0.92 1000
40 0.6 0.94 1000
40 0.6 0.96 1000
40 0.6 0.98 1000
40 0.62 0 6
40 0.6 1 1000
40 0.62 0.02 6
40 0.62 0.04 6
40 0.62 0.06 6
40 0.62 0.08 5
40 0.62 0.1 5
40 0.62 0.12 5
40 0.62 0.14 6
40 0.62 0.16 6
40 0.62 0.18 6
40 0.62 0.2 6
40 0.62 0.22 6
40 0.62 0.24 6
40 0.62 0.26 6
40 0.62 0.28 6
40 0.62 0.3 6
40 0.62 0.32 6
40 0.62 0.34 6
40 0.62 0.36 6
40 0.62 0.38 6
40 0.62 0.4 6
40 0.62 0.42 6
40 0.62 0.44 6
40 0.62 0.46 6
40 0.62 0.48 6
40 0.62 0.5 6
40 0.62 0.52 6
40 0.62 0.54 6
40 0.62 0.56 6
40 0.62 0.58 6
40 0.62 0.6 6
40 0.62 0.62 6
40 0.62 0.64 6
40 0.62 0.66 7
40 0.62 0.68 6
40 0.62 0.7 6
40 0.62 0.72 7
40 0.62 0.74 7
40 0.62 0.76 7
40 0.62 0.78 7
40 0.62 0.8 8
40 0.62 0.82 8
40 0.62 0.84 9
40 0.62 0.86 9
40 0.62 0.88 12
40 0.62 0.9 12
40 0.62 0.92 76
40 0.62 0.94 1000
40 0.62 0.96 1000
40 0.62 0.98 1000
40 0.62 1 1000
40 0.64 0 5
40 0.64 0.02 5
40 0.64 0.04 5
40 0.64 0.06 5
40 0.64 0.08 5
40 0.64 0.1 5
40 0.64 0.12 5
40 0.64 0.14 5
40 0.64 0.16 5
40 0.64 0.18 5
40 0.64 0.2 5
40 0.64 0.22 5
40 0.64 0.24 5
40 0.64 0.26 5
40 0.64 0.28 5
40 0.64 0.3 5
40 0.64 0.32 5
40 0.64 0.34 5
40 0.64 0.36 6
40 0.64 0.38 6
40 0.64 0.4 6
40 0.64 0.42 6
40 0.64 0.44 6
40 0.64 0.46 6
40 0.64 0.48 6
40 0.64 0.5 6
40 0.64 0.52 6
40 0.64 0.54 6
40 0.64 0.56 6
40 0.64 0.58 6
40 0.64 0.6 6
40 0.64 0.62 6
40 0.64 0.64 6
40 0.64 0.66 6
40 0.64 0.68 6
40 0.64 0.7 6
40 0.64 0.72 7
40 0.64 0.74 7
40 0.64 0.76 7
40 0.64 0.78 7
40 0.64 0.8 7
40 0.64 0.82 8
40 0.64 0.84 7
40 0.64 0.86 8
40 0.64 0.88 8
40 0.64 0.9 11
40 0.64 0.92 14
40 0.64 0.94 14
40 0.64 0.96 1000
40 0.64 0.98 1000
40 0.66 0 5
40 0.64 1 1000
40 0.66 0.02 5
40 0.66 0.04 5
40 0.66 0.06 5
40 0.66 0.08 5
40 0.66 0.1 5
40 0.66 0.12 5
40 0.66 0.14 5
40 0.66 0.16 5
40 0.66 0.18 5
40 0.66 0.2 5
40 0.66 0.22 5
40 0.66 0.24 5
40 0.66 0.26 5
40 0.66 0.28 6
40 0.66 0.3 6
40 0.66 0.32 6
40 0.66 0.34 6
40 0.66 0.36 6
40 0.66 0.38 6
40 0.66 0.4 6
40 0.66 0.42 6
40 0.66 0.44 6
40 0.66 0.46 6
40 0.66 0.48 6
40 0.66 0.5 6
40 0.66 0.52 6
40 0.66 0.54 6
40 0.66 0.56 6
40 0.66 0.58 7
40 0.66 0.6 7
40 0.66 0.62 7
40 0.66 0.64 7
40 0.66 0.66 7
40 0.66 0.68 7
40 0.66 0.7 7
40 0.66 0.72 6
40 0.66 0.74 6
40 0.66 0.76 6
40 0.66 0.78 6
40 0.66 0.8 6
40 0.66 0.82 6
40 0.66 0.84 6
40 0.66 0.86 7
40 0.66 0.88 8
40 0.66 0.9 8
40 0.66 0.92 12
40 0.66 0.94 24
40 0.66 0.96 126
40 0.66 0.98 1000
40 0.66 1 1000
40 0.68 0 5
40 0.68 0.02 5
40 0.68 0.04 5
40 0.68 0.06 5
40 0.68 0.08 5
40 0.68 0.1 5
40 0.68 0.12 5
40 0.68 0.14 6
40 0.68 0.16 6
40 0.68 0.18 6
40 0.68 0.2 6
40 0.68 0.22 6
40 0.68 0.24 6
40 0.68 0.26 6
40 0.68 0.28 6
40 0.68 0.3 6
40 0.68 0.32 6
40 0.68 0.34 6
40 0.68 0.36 6
40 0.68 0.38 5
40 0.68 0.4 5
40 0.68 0.42 5
40 0.68 0.44 5
40 0.68 0.46 5
40 0.68 0.48 5
40 0.68 0.5 5
40 0.68 0.52 5
40 0.68 0.54 5
40 0.68 0.56 5
40 0.68 0.58 5
40 0.68 0.6 5
40 0.68 0.62 5
40 0.68 0.64 5
40 0.68 0.66 5
40 0.68 0.68 5
40 0.68 0.7 5
40 0.68 0.72 5
40 0.68 0.74 5
40 0.68 0.76 5
40 0.68 0.78 5
40 0.68 0.8 5
40 0.68 0.82 5
40 0.68 0.84 5
40 0.68 0.86 5
40 0.68 0.88 5
40 0.68 0.9 12
40 0.68 0.92 13
40 0.68 0.94 15
40 0.68 0.96 26
40 0.68 0.98 1000
40 0.68 1 1000
40 0.7 0 5
40 0.7 0.02 5
40 0.7 0.04 5
40 0.7 0.06 6
40 0.7 0.08 6
40 0.7 0.1 6
40 0.7 0.12 6
40 0.7 0.14 6
40 0.7 0.16 6
40 0.7 0.18 6
40 0.7 0.2 6
40 0.7 0.22 6
40 0.7 0.24 6
40 0.7 0.26 6
40 0.7 0.28 6
40 0.7 0.3 6
40 0.7 0.32 5
40 0.7 0.34 5
40 0.7 0.36 5
40 0.7 0.38 5
40 0.7 0.4 5
40 0.7 0.42 5
40 0.7 0.44 5
40 0.7 0.46 5
40 0.7 0.48 5
40 0.7 0.5 6
40 0.7 0.52 6
40 0.7 0.54 6
40 0.7 0.56 6
40 0.7 0.58 6
40 0.7 0.6 6
40 0.7 0.62 6
40 0.7 0.64 6
40 0.7 0.66 6
40 0.7 0.68 6
40 0.7 0.7 6
40 0.7 0.72 6
40 0.7 0.74 6
40 0.7 0.76 6
40 0.7 0.78 6
40 0.7 0.8 7
40 0.7 0.82 7
40 0.7 0.84 7
40 0.7 0.86 8
40 0.7 0.88 7
40 0.7 0.9 8
40 0.7 0.92 8
40 0.7 0.94 9
40 0.7 0.96 15
40 0.7 0.98 78
40 0.72 0 5
40 0.7 1 1000
40 0.72 0.02 5
40 0.72 0.04 5
40 0.72 0.06 5
40 0.72 0.08 5
40 0.72 0.1 5
40 0.72 0.12 5
40 0.72 0.14 5
40 0.72 0.16 5
40 0.72 0.18 5
40 0.72 0.2 6
40 0.72 0.22 6
40 0.72 0.24 5
40 0.72 0.26 5
40 0.72 0.28 5
40 0.72 0.3 5
40 0.72 0.32 5
40 0.72 0.34 5
40 0.72 0.36 5
40 0.72 0.38 5
40 0.72 0.4 5
40 0.72 0.42 5
40 0.72 0.44 5
40 0.72 0.46 5
40 0.72 0.48 5
40 0.72 0.5 5
40 0.72 0.52 5
40 0.72 0.54 5
40 0.72 0.56 5
40 0.72 0.58 5
40 0.72 0.6 5
40 0.72 0.62 5
40 0.72 0.64 5
40 0.72 0.66 5
40 0.72 0.68 5
40 0.72 0.7 5
40 0.72 0.72 5
40 0.72 0.74 5
40 0.72 0.76 5
40 0.72 0.78 5
40 0.72 0.8 5
40 0.72 0.82 5
40 0.72 0.84 5
40 0.72 0.86 5
40 0.72 0.88 5
40 0.72 0.9 5
40 0.72 0.92 5
40 0.72 0.94 5
40 0.72 0.96 5
40 0.72 0.98 5
40 0.72 1 5
40 0.74 0 4
40 0.74 0.02 4
40 0.74 0.04 4
40 0.74 0.06 4
40 0.74 0.08 4
40 0.74 0.1 5
40 0.74 0.12 5
40 0.74 0.14 5
40 0.74 0.16 5
40 0.74 0.18 5
40 0.74 0.2 5
40 0.74 0.22 5
40 0.74 0.24 5
40 0.74 0.26 5
40 0.74 0.28 5
40 0.74 0.3 5
40 0.74 0.32 5
40 0.74 0.34 5
40 0.74 0.36 5
40 0.74 0.38 5
40 0.74 0.4 5
40 0.74 0.42 5
40 0.74 0.44 5
40 0.74 0.46 5
40 0.74 0.48 5
40 0.74 0.5 5
40 0.74 0.52 5
40 0.74 0.54 5
40 0.74 0.56 5
40 0.74 0.58 5
40 0.74 0.6 5
40 0.74 0.62 6
40 0.74 0.64 6
40 0.74 0.66 6
40 0.74 0.68 6
40 0.74 0.7 6
40 0.74 0.72 6
40 0.74 0.74 7
40 0.74 0.76 7
40 0.74 0.78 7
40 0.74 0.8 7
40 0.74 0.82 7
40 0.74 0.84 7
40 0.74 0.86 5
40 0.74 0.88 5
40 0.74 0.9 5
40 0.74 0.92 5
40 0.74 0.94 5
40 0.74 0.96 5
40 0.74 0.98 5
40 0.74 1 5
40 0.76 0 5
40 0.76 0.02 5
40 0.76 0.04 5
40 0.76 0.06 5
40 0.76 0.08 5
40 0.76 0.1 5
40 0.76 0.12 5
40 0.76 0.14 5
40 0.76 0.16 5
40 0.76 0.18 5
40 0.76 0.2 5
40 0.76 0.22 5
40 0.76 0.24 5
40 0.76 0.26 5
40 0.76 0.28 5
40 0.76 0.3 5
40 0.76 0.32 5
40 0.76 0.34 5
40 0.76 0.36 5
40 0.76 0.38 5
40 0.76 0.4 5
40 0.76 0.42 5
40 0.76 0.44 5
40 0.76 0.46 5
40 0.76 0.48 5
40 0.76 0.5 5
40 0.76 0.52 5
40 0.76 0.54 5
40 0.76 0.56 5
40 0.76 0.58 5
40 0.76 0.6 5
40 0.76 0.62 5
40 0.76 0.64 5
40 0.76 0.66 5
40 0.76 0.68 5
40 0.76 0.7 5
40 0.76 0.72 5
40 0.76 0.74 5
40 0.76 0.76 5
40 0.76 0.78 5
40 0.76 0.8 5
40 0.76 0.82 5
40 0.76 0.84 5
40 0.76 0.86 5
40 0.76 0.88 5
40 0.76 0.9 5
40 0.76 0.92 5
40 0.76 0.94 5
40 0.76 0.96 5
40 0.76 0.98 5
40 0.76 1 5
40 0.78 0 4
40 0.78 0.02 4
40 0.78 0.04 5
40 0.78 0.06 5
40 0.78 0.08 5
40 0.78 0.1 5
40 0.78 0.12 5
40 0.78 0.14 5
40 0.78 0.16 5
40 0.78 0.18 5
40 0.78 0.2 5
40 0.78 0.22 5
40 0.78 0.24 5
40 0.78 0.26 5
40 0.78 0.28 5
40 0.78 0.3 5
40 0.78 0.32 5
40 0.78 0.34 5
40 0.78 0.36 5
40 0.78 0.38 5
40 0.78 0.4 5
40 0.78 0.42 5
40 0.78 0.44 5
40 0.78 0.46 5
40 0.78 0.48 5
40 0.78 0.5 5
40 0.78 0.52 5
40 0.78 0.54 5
40 0.78 0.56 5
40 0.78 0.58 5
40 0.78 0.6 5
40 0.78 0.62 5
40 0.78 0.64 5
40 0.78 0.66 5
40 0.78 0.68 5
40 0.78 0.7 5
40 0.78 0.72 5
40 0.78 0.74 5
40 0.78 0.76 5
40 0.78 0.78 5
40 0.78 0.8 5
40 0.78 0.82 5
40 0.78 0.84 5
40 0.78 0.86 5
40 0.78 0.88 6
40 0.78 0.9 6
40 0.78 0.92 6
40 0.78 0.94 7
40 0.78 0.96 7
40 0.78 0.98 7
40 0.78 1 7
40 0.8 0 5
40 0.8 0.02 5
40 0.8 0.04 5
40 0.8 0.06 5
40 0.8 0.08 5
40 0.8 0.1 5
40 0.8 0.12 5
40 0.8 0.14 5
40 0.8 0.16 5
40 0.8 0.18 5
40 0.8 0.2 5
40 0.8 0.22 5
40 0.8 0.24 5
40 0.8 0.26 5
40 0.8 0.28 5
40 0.8 0.3 5
40 0.8 0.32 5
40 0.8 0.34 5
40 0.8 0.36 5
40 0.8 0.38 5
40 0.8 0.4 5
40 0.8 0.42 5
40 0.8 0.44 5
40 0.8 0.46 5
40 0.8 0.48 5
40 0.8 0.5 5
40 0.8 0.52 5
40 0.8 0.54 5
40 0.8 0.56 5
40 0.8 0.58 5
40 0.8 0.6 5
40 0.8 0.62 5
40 0.8 0.64 5
40 0.8 0.66 5
40 0.8 0.68 5
40 0.8 0.7 5
40 0.8 0.72 5
40 0.8 0.74 5
40 0.8 0.76 5
40 0.8 0.78 5
40 0.8 0.8 5
40 0.8 0.82 5
40 0.8 0.84 5
40 0.8 0.86 5
40 0.8 0.88 5
40 0.8 0.9 5
40 0.8 0.92 5
40 0.8 0.94 5
40 0.8 0.96 5
40 0.8 0.98 5
40 0.8 1 5
40 0.82 0 5
40 0.82 0.02 5
40 0.82 0.04 5
40 0.82 0.06 5
40 0.82 0.08 5
40 0.82 0.1 5
40 0.82 0.12 5
40 0.82 0.14 5
40 0.82 0.16 5
40 0.82 0.18 5
40 0.82 0.2 5
40 0.82 0.22 5
40 0.82 0.24 5
40 0.82 0.26 5
40 0.82 0.28 5
40 0.82 0.3 5
40 0.82 0.32 5
40 0.82 0.34 5
40 0.82 0.36 5
40 0.82 0.38 5
40 0.82 0.4 5
40 0.82 0.42 5
40 0.82 0.44 5
40 0.82 0.46 5
40 0.82 0.48 5
40 0.82 0.5 5
40 0.82 0.52 5
40 0.82 0.54 5
40 0.82 0.56 5
40 0.82 0.58 5
40 0.82 0.6 5
40 0.82 0.62 5
40 0.82 0.64 5
40 0.82 0.66 5
40 0.82 0.68 5
40 0.82 0.7 5
40 0.82 0.72 5
40 0.82 0.74 5
40 0.82 0.76 5
40 0.82 0.78 5
40 0.82 0.8 5
40 0.82 0.82 5
40 0.82 0.84 5
40 0.82 0.86 5
40 0.82 0.88 5
40 0.82 0.9 5
40 0.82 0.92 5
40 0.82 0.94 5
40 0.82 0.96 5
40 0.82 0.98 5
40 0.82 1 5
40 0.84 0 5
40 0.84 0.02 5
40 0.84 0.04 5
40 0.84 0.06 4
40 0.84 0.08 4
40 0.84 0.1 4
40 0.84 0.12 4
40 0.84 0.14 4
40 0.84 0.16 4
40 0.84 0.18 4
40 0.84 0.2 4
40 0.84 0.22 4
40 0.84 0.24 4
40 0.84 0.26 4
40 0.84 0.28 4
40 0.84 0.3 4
40 0.84 0.32 5
40 0.84 0.34 5
40 0.84 0.36 5
40 0.84 0.38 5
40 0.84 0.4 5
40 0.84 0.42 5
40 0.84 0.44 5
40 0.84 0.46 5
40 0.84 0.48 5
40 0.84 0.5 5
40 0.84 0.52 5
40 0.84 0.54 5
40 0.84 0.56 5
40 0.84 0.58 5
40 0.84 0.6 5
40 0.84 0.62 5
40 0.84 0.64 5
40 0.84 0.66 5
40 0.84 0.68 5
40 0.84 0.7 5
40 0.84 0.72 5
40 0.84 0.74 5
40 0.84 0.76 5
40 0.84 0.78 5
40 0.84 0.8 5
40 0.84 0.82 5
40 0.84 0.84 5
40 0.84 0.86 5
40 0.84 0.88 5
40 0.84 0.9 5
40 0.84 0.92 5
40 0.84 0.94 5
40 0.84 0.96 5
40 0.84 0.98 5
40 0.84 1 5
40 0.86 0 5
40 0.86 0.02 5
40 0.86 0.04 5
40 0.86 0.06 5
40 0.86 0.08 5
40 0.86 0.1 5
40 0.86 0.12 5
40 0.86 0.14 5
40 0.86 0.16 5
40 0.86 0.18 5
40 0.86 0.2 5
40 0.86 0.22 5
40 0.86 0.24 5
40 0.86 0.26 5
40 0.86 0.28 5
40 0.86 0.3 5
40 0.86 0.32 5
40 0.86 0.34 5
40 0.86 0.36 5
40 0.86 0.38 5
40 0.86 0.4 5
40 0.86 0.42 5
40 0.86 0.44 5
40 0.86 0.46 5
40 0.86 0.48 5
40 0.86 0.5 5
40 0.86 0.52 5
40 0.86 0.54 5
40 0.86 0.56 5
40 0.86 0.58 5
40 0.86 0.6 5
40 0.86 0.62 5
40 0.86 0.64 5
40 0.86 0.66 5
40 0.86 0.68 5
40 0.86 0.7 5
40 0.86 0.72 5
40 0.86 0.74 5
40 0.86 0.76 5
40 0.86 0.78 5
40 0.86 0.8 5
40 0.86 0.82 5
40 0.86 0.84 5
40 0.86 0.86 5
40 0.86 0.88 5
40 0.86 0.9 5
40 0.86 0.92 5
40 0.86 0.94 5
40 0.86 0.96 5
40 0.86 0.98 5
40 0.86 1 5
40 0.88 0 4
40 0.88 0.02 4
40 0.88 0.04 4
40 0.88 0.06 4
40 0.88 0.08 4
40 0.88 0.1 4
40 0.88 0.12 4
40 0.88 0.14 4
40 0.88 0.16 4
40 0.88 0.18 4
40 0.88 0.2 5
40 0.88 0.22 5
40 0.88 0.24 5
40 0.88 0.26 5
40 0.88 0.28 5
40 0.88 0.3 5
40 0.88 0.32 5
40 0.88 0.34 5
40 0.88 0.36 5
40 0.88 0.38 5
40 0.88 0.4 5
40 0.88 0.42 5
40 0.88 0.44 5
40 0.88 0.46 5
40 0.88 0.48 5
40 0.88 0.5 5
40 0.88 0.52 5
40 0.88 0.54 5
40 0.88 0.56 5
40 0.88 0.58 5
40 0.88 0.6 5
40 0.88 0.62 5
40 0.88 0.64 5
40 0.88 0.66 5
40 0.88 0.68 5
40 0.88 0.7 5
40 0.88 0.72 5
40 0.88 0.74 5
40 0.88 0.76 5
40 0.88 0.78 5
40 0.88 0.8 5
40 0.88 0.82 5
40 0.88 0.84 5
40 0.88 0.86 5
40 0.88 0.88 5
40 0.88 0.9 5
40 0.88 0.92 5
40 0.88 0.94 5
40 0.88 0.96 5
40 0.88 0.98 5
40 0.88 1 5
40 0.9 0 5
40 0.9 0.02 5
40 0.9 0.04 5
40 0.9 0.06 5
40 0.9 0.08 5
40 0.9 0.1 5
40 0.9 0.12 5
40 0.9 0.14 5
40 0.9 0.16 5
40 0.9 0.18 5
40 0.9 0.2 5
40 0.9 0.22 5
40 0.9 0.24 5
40 0.9 0.26 5
40 0.9 0.28 5
40 0.9 0.3 5
40 0.9 0.32 5
40 0.9 0.34 5
40 0.9 0.36 5
40 0.9 0.38 5
40 0.9 0.4 5
40 0.9 0.42 5
40 0.9 0.44 5
40 0.9 0.46 5
40 0.9 0.48 5
40 0.9 0.5 5
40 0.9 0.52 5
40 0.9 0.54 5
40 0.9 0.56 5
40 0.9 0.58 5
40 0.9 0.6 5
40 0.9 0.62 5
40 0.9 0.64 5
40 0.9 0.66 5
40 0.9 0.68 5
40 0.9 0.7 5
40 0.9 0.72 5
40 0.9 0.74 5
40 0.9 0.76 5
40 0.9 0.78 5
40 0.9 0.8 5
40 0.9 0.82 5
40 0.9 0.84 5
40 0.9 0.86 5
40 0.9 0.88 5
40 0.9 0.9 5
40 0.9 0.92 5
40 0.9 0.94 5
40 0.9 0.96 5
40 0.9 0.98 5
40 0.9 1 5
40 0.92 0 5
40 0.92 0.02 5
40 0.92 0.04 5
40 0.92 0.06 5
40 0.92 0.08 4
40 0.92 0.1 4
40 0.92 0.12 4
40 0.92 0.14 4
40 0.92 0.16 4
40 0.92 0.18 4
40 0.92 0.2 4
40 0.92 0.22 4
40 0.92 0.24 4
40 0.92 0.26 4
40 0.92 0.28 4
40 0.92 0.3 4
40 0.92 0.32 4
40 0.92 0.34 5
40 0.92 0.36 5
40 0.92 0.38 5
40 0.92 0.4 5
40 0.92 0.42 5
40 0.92 0.44 5
40 0.92 0.46 5
40 0.92 0.48 5
40 0.92 0.5 5
40 0.92 0.52 5
40 0.92 0.54 5
40 0.92 0.56 5
40 0.92 0.58 5
40 0.92 0.6 5
40 0.92 0.62 5
40 0.92 0.64 5
40 0.92 0.66 5
40 0.92 0.68 5
40 0.92 0.7 5
40 0.92 0.72 5
40 0.92 0.74 5
40 0.92 0.76 5
40 0.92 0.78 5
40 0.92 0.8 5
40 0.92 0.82 5
40 0.92 0.84 5
40 0.92 0.86 5
40 0.92 0.88 5
40 0.92 0.9 5
40 0.92 0.92 5
40 0.92 0.94 5
40 0.92 0.96 5
40 0.92 0.98 5
40 0.92 1 5
40 0.94 0 5
40 0.94 0.02 5
40 0.94 0.04 5
40 0.94 0.06 5
40 0.94 0.08 5
40 0.94 0.1 5
40 0.94 0.12 5
40 0.94 0.14 5
40 0.94 0.16 5
40 0.94 0.18 5
40 0.94 0.2 5
40 0.94 0.22 5
40 0.94 0.24 5
40 0.94 0.26 5
40 0.94 0.28 5
40 0.94 0.3 5
40 0.94 0.32 5
40 0.94 0.34 5
40 0.94 0.36 5
40 0.94 0.38 5
40 0.94 0.4 5
40 0.94 0.42 5
40 0.94 0.44 5
40 0.94 0.46 5
40 0.94 0.48 5
40 0.94 0.5 5
40 0.94 0.52 5
40 0.94 0.54 5
40 0.94 0.56 5
40 0.94 0.58 5
40 0.94 0.6 5
40 0.94 0.62 5
40 0.94 0.64 5
40 0.94 0.66 5
40 0.94 0.68 5
40 0.94 0.7 5
40 0.94 0.72 5
40 0.94 0.74 5
40 0.94 0.76 5
40 0.94 0.78 5
40 0.94 0.8 5
40 0.94 0.82 5
40 0.94 0.84 5
40 0.94 0.86 5
40 0.94 0.88 5
40 0.94 0.9 5
40 0.94 0.92 5
40 0.94 0.94 5
40 0.94 0.96 5
40 0.94 0.98 5
40 0.94 1 5
40 0.96 0 4
40 0.96 0.02 4
40 0.96 0.04 4
40 0.96 0.06 4
40 0.96 0.08 4
40 0.96 0.1 4
40 0.96 0.12 4
40 0.96 0.14 4
40 0.96 0.16 4
40 0.96 0.18 4
40 0.96 0.2 4
40 0.96 0.22 4
40 0.96 0.24 4
40 0.96 0.26 4
40 0.96 0.28 4
40 0.96 0.3 4
40 0.96 0.32 4
40 0.96 0.34 4
40 0.96 0.36 4
40 0.96 0.38 4
40 0.96 0.4 4
40 0.96 0.42 4
40 0.96 0.44 5
40 0.96 0.46 5
40 0.96 0.48 5
40 0.96 0.5 5
40 0.96 0.52 5
40 0.96 0.54 5
40 0.96 0.56 5
40 0.96 0.58 5
40 0.96 0.6 5
40 0.96 0.62 5
40 0.96 0.64 5
40 0.96 0.66 5
40 0.96 0.68 5
40 0.96 0.7 5
40 0.96 0.72 5
40 0.96 0.74 5
40 0.96 0.76 5
40 0.96 0.78 5
40 0.96 0.8 5
40 0.96 0.82 5
40 0.96 0.84 5
40 0.96 0.86 5
40 0.96 0.88 5
40 0.96 0.9 5
40 0.96 0.92 5
40 0.96 0.94 5
40 0.96 0.96 5
40 0.96 0.98 7
40 0.96 1 7
40 0.98 0 5
40 0.98 0.02 5
40 0.98 0.04 5
40 0.98 0.06 5
40 0.98 0.08 5
40 0.98 0.1 5
40 0.98 0.12 5
40 0.98 0.14 4
40 0.98 0.16 4
40 0.98 0.18 4
40 0.98 0.2 4
40 0.98 0.22 5
40 0.98 0.24 5
40 0.98 0.26 5
40 0.98 0.28 5
40 0.98 0.3 5
40 0.98 0.32 5
40 0.98 0.34 5
40 0.98 0.36 5
40 0.98 0.38 5
40 0.98 0.4 5
40 0.98 0.42 5
40 0.98 0.44 5
40 0.98 0.46 5
40 0.98 0.48 5
40 0.98 0.5 5
40 0.98 0.52 5
40 0.98 0.54 5
40 0.98 0.56 5
40 0.98 0.58 5
40 0.98 0.6 5
40 0.98 0.62 5
40 0.98 0.64 5
40 0.98 0.66 5
40 0.98 0.68 5
40 0.98 0.7 5
40 0.98 0.72 5
40 0.98 0.74 5
40 0.98 0.76 5
40 0.98 0.78 5
40 0.98 0.8 5
40 0.98 0.82 5
40 0.98 0.84 5
40 0.98 0.86 5
40 0.98 0.88 5
40 0.98 0.9 5
40 0.98 0.92 5
40 0.98 0.94 5
40 0.98 0.96 5
40 0.98 0.98 5
40 0.98 1 5
40 1 0 5
40 1 0.02 5
40 1 0.04 5
40 1 0.06 5
40 1 0.08 5
40 1 0.1 4
40 1 0.12 4
40 1 0.14 4
40 1 0.16 4
40 1 0.18 4
40 1 0.2 4
40 1 0.22 4
40 1 0.24 4
40 1 0.26 4
40 1 0.28 4
40 1 0.3 4
40 1 0.32 5
40 1 0.34 5
40 1 0.36 5
40 1 0.38 5
40 1 0.4 5
40 1 0.42 5
40 1 0.44 5
40 1 0.46 5
40 1 0.48 5
40 1 0.5 5
40 1 0.52 5
40 1 0.54 5
40 1 0.56 5
40 1 0.58 5
40 1 0.6 5
40 1 0.62 5
40 1 0.64 5
40 1 0.66 5
40 1 0.68 5
40 1 0.7 5
40 1 0.72 5
40 1 0.74 5
40 1 0.76 5
40 1 0.78 5
40 1 0.8 5
40 1 0.82 5
40 1 0.84 5
40 1 0.86 5
40 1 0.88 5
40 1 0.9 5
40 1 0.92 5
40 1 0.94 5
40 1 0.96 5
40 1 0.98 5
40 1 1 5
