Iteración 0 - Representación de la matriz:
0 0 0 0 0 0 0 0 0 0 0 0 0 0 0 0 0 0 0 0 0 0 0 0 0 0 0 0 0 0 0 0 0 0 0 0 0 0 0 0 0 0 0 0 0 0 0 0 0 0 0 0 0 0 0 0 0 0 0 0 
0 0 0 0 0 0 0 0 0 0 0 0 0 0 0 0 0 0 0 0 0 0 0 0 0 0 0 0 0 0 0 0 0 0 0 0 0 0 0 0 0 0 0 0 0 0 0 0 0 0 0 0 0 0 0 0 0 0 0 0 
0 0 0 0 0 0 0 0 0 0 0 0 0 0 0 0 0 0 0 0 0 0 0 0 0 0 0 0 0 0 0 0 0 0 0 0 0 0 0 0 0 0 0 0 0 0 0 0 0 0 0 0 0 0 0 0 0 0 0 0 
0 0 0 0 0 0 0 0 0 0 0 0 0 0 0 0 0 0 0 0 0 0 0 0 0 0 0 0 0 0 0 0 0 0 0 0 0 0 0 0 0 0 0 0 0 0 0 0 0 0 0 0 0 0 0 0 0 0 0 0 
0 0 0 0 0 0 0 0 0 0 0 0 0 0 0 0 0 0 0 0 0 0 0 0 0 0 0 0 0 0 0 0 0 0 0 0 0 0 0 0 0 0 0 0 0 0 0 0 0 0 0 0 0 0 0 0 0 0 0 0 
0 0 0 0 0 0 0 0 0 0 0 0 0 0 0 0 0 0 0 0 0 0 0 0 0 0 0 0 0 0 0 0 0 0 0 0 0 0 0 0 0 0 0 0 0 0 0 0 0 0 0 0 0 0 0 0 0 0 0 0 
0 0 0 0 0 0 0 0 0 0 0 0 0 0 0 0 0 0 0 0 0 0 0 0 0 0 0 0 0 0 0 0 0 0 0 0 0 0 0 0 0 0 0 0 0 0 0 0 0 0 0 0 0 0 0 0 0 0 0 0 
0 0 0 0 0 0 0 0 0 0 0 0 0 0 0 0 0 0 0 0 0 0 0 0 0 0 0 0 0 0 0 0 0 0 0 0 0 0 0 0 0 0 0 0 0 0 0 0 0 0 0 0 0 0 0 0 0 0 0 0 
0 0 0 0 0 0 0 0 0 0 0 0 0 0 0 0 0 0 0 0 0 0 0 0 0 0 0 0 0 0 0 0 0 0 0 0 0 0 0 0 0 0 0 0 0 0 0 0 0 0 0 0 0 0 0 0 0 0 0 0 
0 0 0 0 0 0 0 0 0 0 0 0 0 0 0 0 0 0 0 0 0 0 0 0 0 0 0 0 0 0 0 0 0 0 0 0 0 0 0 0 0 0 0 0 0 0 0 0 0 0 0 0 0 0 0 0 0 0 0 0 
0 0 0 0 0 0 0 0 0 0 0 0 0 0 0 0 0 0 0 0 0 0 0 0 0 0 0 0 0 0 0 0 0 0 0 0 0 0 0 0 0 0 0 0 0 0 0 0 0 0 0 0 0 0 0 0 0 0 0 0 
0 0 0 0 0 0 0 0 0 0 0 0 0 0 0 0 0 0 0 0 0 0 0 0 0 0 0 0 0 0 0 0 0 0 0 0 0 0 0 0 0 0 0 0 0 0 0 0 0 0 0 0 0 0 0 0 0 0 0 0 
0 0 0 0 0 0 0 0 0 0 0 0 0 0 0 0 0 0 0 0 0 0 0 0 0 0 0 0 0 0 0 0 0 0 0 0 0 0 0 0 0 0 0 0 0 0 0 0 0 0 0 0 0 0 0 0 0 0 0 0 
0 0 0 0 0 0 0 0 0 0 0 0 0 0 0 0 0 0 0 0 0 0 0 0 0 0 0 0 0 0 0 0 0 0 0 0 0 0 0 0 0 0 0 0 0 0 0 0 0 0 0 0 0 0 0 0 0 0 0 0 
0 0 0 0 0 0 0 0 0 0 0 0 0 0 0 0 0 0 0 0 0 0 0 0 0 0 0 0 0 0 0 0 0 0 0 0 0 0 0 0 0 0 0 0 0 0 0 0 0 0 0 0 0 0 0 0 0 0 0 0 
0 0 0 0 0 0 0 0 0 0 0 0 0 0 0 0 0 0 0 0 0 0 0 0 0 0 0 0 0 0 0 0 0 0 0 0 0 0 0 0 0 0 0 0 0 0 0 0 0 0 0 0 0 0 0 0 0 0 0 0 
0 0 0 0 0 0 0 0 0 0 0 0 0 0 0 0 0 0 0 0 0 0 0 0 0 0 0 0 0 0 0 0 0 0 0 0 0 0 0 0 0 0 0 0 0 0 0 0 0 0 0 0 0 0 0 0 0 0 0 0 
0 0 0 0 0 0 0 0 0 0 0 0 0 0 0 0 0 0 0 0 0 0 0 0 0 0 0 0 0 0 0 0 0 0 0 0 0 0 0 0 0 0 0 0 0 0 0 0 0 0 0 0 0 0 0 0 0 0 0 0 
0 0 0 0 0 0 0 0 0 0 0 0 0 0 0 0 0 0 0 0 0 0 0 0 0 0 0 0 0 0 0 0 0 0 0 0 0 0 0 0 0 0 0 0 0 0 0 0 0 0 0 0 0 0 0 0 0 0 0 0 
0 0 0 0 0 0 0 0 0 0 0 0 0 0 0 0 0 0 0 0 0 0 0 0 0 0 0 0 0 0 0 0 0 0 0 0 0 0 0 0 0 0 0 0 0 0 0 0 0 0 0 0 0 0 0 0 0 0 0 0 
0 0 0 0 0 0 0 0 0 0 0 0 0 0 0 0 0 0 0 0 0 0 0 0 0 0 0 0 0 0 0 0 0 0 0 0 0 0 0 0 0 0 0 0 0 0 0 0 0 0 0 0 0 0 0 0 0 0 0 0 
0 0 0 0 0 0 0 0 0 0 0 0 0 0 0 0 0 0 0 0 0 0 0 0 0 0 0 0 0 0 0 0 0 0 0 0 0 0 0 0 0 0 0 0 0 0 0 0 0 0 0 0 0 0 0 0 0 0 0 0 
0 0 0 0 0 0 0 0 0 0 0 0 0 0 0 0 0 0 0 0 0 0 0 0 0 0 0 0 0 0 0 0 0 0 0 0 0 0 0 0 0 0 0 0 0 0 0 0 0 0 0 0 0 0 0 0 0 0 0 0 
0 0 0 0 0 0 0 0 0 0 0 0 0 0 0 0 0 0 0 0 0 0 0 0 0 0 0 0 0 0 0 0 0 0 0 0 0 0 0 0 0 0 0 0 0 0 0 0 0 0 0 0 0 0 0 0 0 0 0 0 
0 0 0 0 0 0 0 0 0 0 0 0 0 0 0 0 0 0 0 0 0 0 0 0 0 0 0 0 0 0 0 0 0 0 0 0 0 0 0 0 0 0 0 0 0 0 0 0 0 0 0 0 0 0 0 0 0 0 0 0 
0 0 0 0 0 0 0 0 0 0 0 0 0 0 0 0 0 0 0 0 0 0 0 0 0 0 0 0 0 0 0 0 0 0 0 0 0 0 0 0 0 0 0 0 0 0 0 0 0 0 0 0 0 0 0 0 0 0 0 0 
0 0 0 0 0 0 0 0 0 0 0 0 0 0 0 0 0 0 0 0 0 0 0 0 0 0 0 0 0 0 0 0 0 0 0 0 0 0 0 0 0 0 0 0 0 0 0 0 0 0 0 0 0 0 0 0 0 0 0 0 
0 0 0 0 0 0 0 0 0 0 0 0 0 0 0 0 0 0 0 0 0 0 0 0 0 0 0 0 0 0 0 0 0 0 0 0 0 0 0 0 0 0 0 0 0 0 0 0 0 0 0 0 0 0 0 0 0 0 0 0 
0 0 0 0 0 0 0 0 0 0 0 0 0 0 0 0 0 0 0 0 0 0 0 0 0 0 0 0 0 0 0 0 0 0 0 0 0 0 0 0 0 0 0 0 0 0 0 0 0 0 0 0 0 0 0 0 0 0 0 0 
0 0 0 0 0 0 0 0 0 0 0 0 0 0 0 0 0 0 0 0 0 0 0 0 0 0 0 0 0 0 0 0 0 0 0 0 0 0 0 0 0 0 0 0 0 0 0 0 0 0 0 0 0 0 0 0 0 0 0 0 
0 0 0 0 0 0 0 0 0 0 0 0 0 0 0 0 0 0 0 0 0 0 0 0 0 0 0 0 0 0 2 0 0 0 0 0 0 0 0 0 0 0 0 0 0 0 0 0 0 0 0 0 0 0 0 0 0 0 0 0 
0 0 0 0 0 0 0 0 0 0 0 0 0 0 0 0 0 0 0 0 0 0 0 0 0 0 0 0 0 0 0 0 0 0 0 0 0 0 0 0 0 0 0 0 0 0 0 0 0 0 0 0 0 0 0 0 0 0 0 0 
0 0 0 0 0 0 0 0 0 0 0 0 0 0 0 0 0 0 0 0 0 0 0 0 0 0 0 0 0 0 0 0 0 0 0 0 0 0 0 0 0 0 0 0 0 0 0 0 0 0 0 0 0 0 0 0 0 0 0 0 
0 0 0 0 0 0 0 0 0 0 0 0 0 0 0 0 0 0 0 0 0 0 0 0 0 0 0 0 0 0 0 0 0 0 0 0 0 0 0 0 0 0 0 0 0 0 0 0 0 0 0 0 0 0 0 0 0 0 0 0 
0 0 0 0 0 0 0 0 0 0 0 0 0 0 0 0 0 0 0 0 0 0 0 0 0 0 0 0 0 0 0 0 0 0 0 0 0 0 0 0 0 0 0 0 0 0 0 0 0 0 0 0 0 0 0 0 0 0 0 0 
0 0 0 0 0 0 0 0 0 0 0 0 0 0 0 0 0 0 0 0 0 0 0 0 0 0 0 0 0 0 0 0 0 0 0 0 0 0 0 0 0 0 0 0 0 0 0 0 0 0 0 0 0 0 0 0 0 0 0 0 
0 0 0 0 0 0 0 0 0 0 0 0 0 0 0 0 0 0 0 0 0 0 0 0 0 0 0 0 0 0 0 0 0 0 0 0 0 0 0 0 0 0 0 0 0 0 0 0 0 0 0 0 0 0 0 0 0 0 0 0 
0 0 0 0 0 0 0 0 0 0 0 0 0 0 0 0 0 0 0 0 0 0 0 0 0 0 0 0 0 0 0 0 0 0 0 0 0 0 0 0 0 0 0 0 0 0 0 0 0 0 0 0 0 0 0 0 0 0 0 0 
0 0 0 0 0 0 0 0 0 0 0 0 0 0 0 0 0 0 0 0 0 0 0 0 0 0 0 0 0 0 0 0 0 0 0 0 0 0 0 0 0 0 0 0 0 0 0 0 0 0 0 0 0 0 0 0 0 0 0 0 
0 0 0 0 0 0 0 0 0 0 0 0 0 0 0 0 0 0 0 0 0 0 0 0 0 0 0 0 0 0 0 0 0 0 0 0 0 0 0 0 0 0 0 0 0 0 0 0 0 0 0 0 0 0 0 0 0 0 0 0 
0 0 0 0 0 0 0 0 0 0 0 0 0 0 0 0 0 0 0 0 0 0 0 0 0 0 0 0 0 0 0 0 0 0 0 0 0 0 0 0 0 0 0 0 0 0 0 0 0 0 0 0 0 0 0 0 0 0 0 0 
0 0 0 0 0 0 0 0 0 0 0 0 0 0 0 0 0 0 0 0 0 0 0 0 0 0 0 0 0 0 0 0 0 0 0 0 0 0 0 0 0 0 0 0 0 0 0 0 0 0 0 0 0 0 0 0 0 0 0 0 
0 0 0 0 0 0 0 0 0 0 0 0 0 0 0 0 0 0 0 0 0 0 0 0 0 0 0 0 0 0 0 0 0 0 0 0 0 0 0 0 0 0 0 0 0 0 0 0 0 0 0 0 0 0 0 0 0 0 0 0 
0 0 0 0 0 0 0 0 0 0 0 0 0 0 0 0 0 0 0 0 0 0 0 0 0 0 0 0 0 0 0 0 0 0 0 0 0 0 0 0 0 0 0 0 0 0 0 0 0 0 0 0 0 0 0 0 0 0 0 0 
0 0 0 0 0 0 0 0 0 0 0 0 0 0 0 0 0 0 0 0 0 0 0 0 0 0 0 0 0 0 0 0 0 0 0 0 0 0 0 0 0 0 0 0 0 0 0 0 0 0 0 0 0 0 0 0 0 0 0 0 
0 0 0 0 0 0 0 0 0 0 0 0 0 0 0 0 0 0 0 0 0 0 0 0 0 0 0 0 0 0 0 0 0 0 0 0 0 0 0 0 0 0 0 0 0 0 0 0 0 0 0 0 0 0 0 0 0 0 0 0 
0 0 0 0 0 0 0 0 0 0 0 0 0 0 0 0 0 0 0 0 0 0 0 0 0 0 0 0 0 0 0 0 0 0 0 0 0 0 0 0 0 0 0 0 0 0 0 0 0 0 0 0 0 0 0 0 0 0 0 0 
0 0 0 0 0 0 0 0 0 0 0 0 0 0 0 0 0 0 0 0 0 0 0 0 0 0 0 0 0 0 0 0 0 0 0 0 0 0 0 0 0 0 0 0 0 0 0 0 0 0 0 0 0 0 0 0 0 0 0 0 
0 0 0 0 0 0 0 0 0 0 0 0 0 0 0 0 0 0 0 0 0 0 0 0 0 0 0 0 0 0 0 0 0 0 0 0 0 0 0 0 0 0 0 0 0 0 0 0 0 0 0 0 0 0 0 0 0 0 0 0 
0 0 0 0 0 0 0 0 0 0 0 0 0 0 0 0 0 0 0 0 0 0 0 0 0 0 0 0 0 0 0 0 0 0 0 0 0 0 0 0 0 0 0 0 0 0 0 0 0 0 0 0 0 0 0 0 0 0 0 0 
0 0 0 0 0 0 0 0 0 0 0 0 0 0 0 0 0 0 0 0 0 0 0 0 0 0 0 0 0 0 0 0 0 0 0 0 0 0 0 0 0 0 0 0 0 0 0 0 0 0 0 0 0 0 0 0 0 0 0 0 
0 0 0 0 0 0 0 0 0 0 0 0 0 0 0 0 0 0 0 0 0 0 0 0 0 0 0 0 0 0 0 0 0 0 0 0 0 0 0 0 0 0 0 0 0 0 0 0 0 0 0 0 0 0 0 0 0 0 0 0 
0 0 0 0 0 0 0 0 0 0 0 0 0 0 0 0 0 0 0 0 0 0 0 0 0 0 0 0 0 0 0 0 0 0 0 0 0 0 0 0 0 0 0 0 0 0 0 0 0 0 0 0 0 0 0 0 0 0 0 0 
0 0 0 0 0 0 0 0 0 0 0 0 0 0 0 0 0 0 0 0 0 0 0 0 0 0 0 0 0 0 0 0 0 0 0 0 0 0 0 0 0 0 0 0 0 0 0 0 0 0 0 0 0 0 0 0 0 0 0 0 
0 0 0 0 0 0 0 0 0 0 0 0 0 0 0 0 0 0 0 0 0 0 0 0 0 0 0 0 0 0 0 0 0 0 0 0 0 0 0 0 0 0 0 0 0 0 0 0 0 0 0 0 0 0 0 0 0 0 0 0 
0 0 0 0 0 0 0 0 0 0 0 0 0 0 0 0 0 0 0 0 0 0 0 0 0 0 0 0 0 0 0 0 0 0 0 0 0 0 0 0 0 0 0 0 0 0 0 0 0 0 0 0 0 0 0 0 0 0 0 0 
0 0 0 0 0 0 0 0 0 0 0 0 0 0 0 0 0 0 0 0 0 0 0 0 0 0 0 0 0 0 0 0 0 0 0 0 0 0 0 0 0 0 0 0 0 0 0 0 0 0 0 0 0 0 0 0 0 0 0 0 
0 0 0 0 0 0 0 0 0 0 0 0 0 0 0 0 0 0 0 0 0 0 0 0 0 0 0 0 0 0 0 0 0 0 0 0 0 0 0 0 0 0 0 0 0 0 0 0 0 0 0 0 0 0 0 0 0 0 0 0 
0 0 0 0 0 0 0 0 0 0 0 0 0 0 0 0 0 0 0 0 0 0 0 0 0 0 0 0 0 0 0 0 0 0 0 0 0 0 0 0 0 0 0 0 0 0 0 0 0 0 0 0 0 0 0 0 0 0 0 0 
0 0 0 0 0 0 0 0 0 0 0 0 0 0 0 0 0 0 0 0 0 0 0 0 0 0 0 0 0 0 0 0 0 0 0 0 0 0 0 0 0 0 0 0 0 0 0 0 0 0 0 0 0 0 0 0 0 0 0 0 

Iteración 10 - Representación de la matriz:
0 0 0 0 0 0 0 0 0 0 0 0 0 0 0 0 0 0 0 0 0 0 0 0 0 0 0 0 0 0 0 0 0 0 0 0 0 0 0 0 0 0 0 0 0 0 0 0 0 0 0 0 0 0 0 0 0 0 0 0 
0 0 0 0 0 0 0 0 0 0 0 0 0 0 0 0 0 0 0 0 0 0 0 0 0 0 0 0 0 0 0 0 0 0 0 0 0 0 0 0 0 0 0 0 0 0 0 0 0 0 0 0 0 0 0 0 0 0 0 0 
0 0 0 0 0 0 0 0 0 0 0 0 0 0 0 0 0 0 0 0 0 0 0 0 0 0 0 0 2 0 0 0 0 0 0 0 0 0 0 0 0 0 0 0 0 0 0 0 0 0 0 0 0 2 0 0 0 0 0 0 
0 0 0 0 0 0 0 0 0 0 0 0 0 0 0 0 0 0 0 0 0 0 0 0 0 0 0 0 0 0 0 0 0 0 0 0 0 0 0 0 0 0 0 0 0 0 0 0 0 0 2 0 0 0 0 0 0 0 2 0 
0 0 0 0 0 2 0 0 0 0 0 0 0 0 0 0 0 0 0 0 0 0 0 0 0 0 0 0 0 0 0 0 0 0 0 0 0 0 0 0 0 0 0 0 0 0 0 0 0 0 0 0 0 0 0 0 0 0 0 0 
0 0 0 0 0 0 0 0 0 0 0 0 0 0 0 0 0 0 0 0 0 0 0 0 0 0 0 0 0 0 0 0 0 0 0 0 0 0 0 0 0 0 0 0 0 0 0 0 0 0 0 0 0 0 0 0 0 0 0 0 
0 0 0 0 0 0 0 0 0 0 0 0 0 0 0 0 0 0 0 0 0 0 0 0 0 0 0 0 0 2 0 0 0 0 0 0 0 0 0 0 0 0 0 0 0 0 0 0 0 0 0 0 0 0 0 0 0 0 0 0 
0 2 0 0 0 0 0 0 0 0 0 0 0 0 0 0 0 0 0 0 0 0 0 0 0 0 0 0 0 0 0 0 0 0 0 0 0 0 0 0 0 0 0 0 0 0 0 0 0 0 0 0 0 0 0 0 0 0 0 0 
0 0 0 0 0 0 0 0 0 0 0 0 0 0 0 0 0 0 0 0 0 0 0 0 0 0 0 0 0 0 0 0 0 0 0 0 0 0 0 0 0 0 0 0 0 0 0 0 0 0 0 0 0 0 0 0 0 0 0 0 
0 0 0 0 0 0 0 0 0 0 0 0 0 0 0 0 0 0 0 0 0 0 0 0 0 0 0 0 0 0 0 0 0 0 0 0 0 0 0 0 0 0 0 0 0 0 0 0 0 0 0 0 0 0 0 0 0 0 0 0 
0 0 0 0 0 0 0 0 0 0 0 0 0 0 0 0 0 0 0 0 0 0 0 0 0 0 0 0 0 0 0 0 0 0 0 0 0 0 0 0 0 0 0 0 0 0 0 0 0 0 0 0 0 0 0 0 0 0 0 0 
0 0 0 0 0 0 0 0 0 0 0 0 0 0 0 0 0 0 0 0 0 0 0 0 0 0 0 0 0 0 0 0 0 0 0 0 0 0 0 0 0 0 0 0 0 0 0 0 0 0 0 2 0 0 0 0 0 0 0 0 
0 0 0 0 0 0 0 0 0 0 0 0 0 0 0 0 0 0 0 0 0 0 0 2 0 2 0 0 0 0 0 0 0 0 0 0 0 0 0 0 0 0 0 0 0 0 0 0 0 0 0 0 0 0 0 0 0 0 0 0 
0 0 0 0 0 0 0 0 0 0 0 0 0 0 0 0 0 0 0 0 0 0 0 0 0 0 0 0 0 0 0 0 0 0 0 0 0 0 0 0 0 0 0 0 0 0 0 0 0 0 0 0 0 0 0 0 0 0 0 0 
0 0 0 0 0 0 0 0 0 0 0 0 0 0 0 0 0 0 0 0 0 0 0 0 0 0 0 0 0 0 0 0 0 0 0 0 0 0 0 0 0 0 0 0 0 0 0 0 0 0 0 0 0 0 0 0 0 0 0 0 
0 0 0 0 0 0 0 0 0 0 0 0 0 0 0 0 0 0 0 0 0 0 0 0 0 0 0 0 0 0 0 0 0 0 0 0 0 0 0 0 0 0 0 0 0 0 0 0 0 0 0 0 0 0 0 0 0 0 0 0 
0 0 0 0 0 0 0 0 0 0 0 0 0 0 0 0 0 0 0 0 0 0 0 0 0 0 0 0 0 0 0 0 0 0 0 0 0 0 0 0 0 0 0 0 0 0 0 0 0 0 0 0 0 0 0 0 0 0 0 0 
0 0 0 0 0 0 0 0 0 0 0 0 0 0 0 0 0 0 0 0 0 0 0 0 0 0 0 0 0 0 0 0 0 0 0 0 0 0 0 0 0 0 0 0 0 0 0 0 0 0 0 0 0 0 0 0 0 0 0 0 
0 0 2 0 0 0 0 0 0 0 0 0 0 0 0 0 0 0 0 0 0 0 2 0 0 0 0 0 0 0 0 0 0 0 0 0 0 0 0 0 0 0 0 0 0 0 0 0 0 0 0 0 0 0 0 0 0 0 0 0 
0 0 0 0 0 0 0 0 0 0 0 0 0 0 0 0 0 0 0 0 0 0 0 0 0 0 0 0 0 0 0 0 0 0 0 0 0 0 0 0 0 0 0 0 0 0 0 0 0 0 0 0 0 0 0 0 0 0 0 0 
0 0 0 0 0 0 0 0 0 0 0 0 0 0 0 0 0 0 0 0 0 0 0 0 0 0 0 0 0 0 0 0 0 0 0 0 0 0 0 0 0 0 0 0 0 0 0 0 0 0 0 0 0 0 0 0 0 0 0 0 
0 0 0 0 0 0 0 0 0 0 0 0 0 0 0 0 0 0 0 0 0 0 0 0 0 0 0 0 0 0 0 0 0 0 0 0 0 0 0 0 0 0 0 0 0 0 0 0 0 0 0 0 0 0 0 0 0 0 0 0 
0 0 0 0 0 0 0 0 0 2 0 0 0 0 0 0 0 0 0 0 0 0 0 0 0 0 0 0 0 0 0 0 0 0 0 0 0 0 0 0 0 0 0 0 0 0 0 0 0 0 0 0 0 0 0 0 0 0 0 0 
0 0 0 0 0 0 0 0 0 0 0 0 0 0 0 0 0 0 0 0 0 0 0 0 0 0 0 0 0 0 0 0 0 0 0 0 0 0 0 0 0 0 0 0 0 0 0 0 0 0 0 0 0 0 0 0 0 0 0 0 
0 0 0 0 0 0 0 0 0 0 0 0 0 0 0 0 0 0 0 0 0 0 0 0 0 0 0 0 0 0 0 0 0 0 0 0 0 0 0 0 0 0 0 0 0 0 0 0 0 0 0 0 0 0 0 0 0 0 0 0 
0 0 0 0 0 0 0 0 0 0 0 0 0 0 0 0 0 0 0 0 0 0 0 0 0 0 0 0 0 0 0 0 0 0 0 0 0 0 0 0 0 0 0 0 0 0 0 0 0 0 0 0 0 0 0 0 0 0 0 0 
0 0 0 0 0 0 0 0 0 0 2 0 0 0 0 0 0 0 0 0 0 0 0 0 0 0 0 0 0 2 0 0 0 0 0 2 0 0 2 0 0 0 0 0 2 0 0 0 0 0 0 0 0 0 0 0 0 0 0 0 
0 0 0 0 0 0 0 0 0 0 0 0 0 0 0 0 0 0 0 0 0 0 0 0 0 0 0 0 2 0 0 0 0 0 0 0 0 0 0 0 0 0 0 0 0 0 0 0 0 0 0 0 0 0 0 0 0 0 0 0 
0 0 0 0 0 0 0 0 0 0 0 0 0 0 0 0 0 0 0 0 0 0 0 0 0 0 0 0 0 0 0 0 0 0 0 0 0 0 0 0 0 0 0 0 2 0 0 0 0 0 0 0 0 0 0 0 0 0 0 0 
0 0 0 0 0 0 0 0 0 0 0 0 0 0 0 0 0 0 0 0 0 0 0 0 0 0 0 0 0 0 0 0 0 0 0 0 0 0 0 0 0 0 0 0 0 0 0 0 0 0 0 0 0 0 0 0 0 0 0 0 
0 0 0 0 0 0 0 0 0 0 0 0 0 0 0 0 0 0 0 0 0 0 0 0 0 0 0 0 0 0 0 0 0 0 0 0 0 0 0 0 0 0 0 0 0 0 0 0 0 0 0 0 0 0 0 0 0 0 0 0 
0 0 0 0 0 0 0 0 0 0 0 0 0 0 0 0 0 0 0 0 0 0 0 0 0 0 0 0 0 0 0 0 0 0 0 0 0 0 0 0 0 0 0 0 0 0 0 0 0 0 0 0 0 0 0 0 0 0 0 0 
0 0 0 0 0 0 0 0 0 0 0 0 0 0 0 0 0 0 0 0 0 0 0 0 0 0 0 0 0 0 0 0 0 0 0 0 0 0 0 0 0 0 0 0 0 0 0 0 0 0 0 0 0 0 0 0 0 0 0 0 
0 0 0 0 0 0 0 0 0 0 0 0 0 0 0 0 0 0 0 0 0 0 0 0 0 0 0 0 0 0 0 0 0 0 0 0 0 0 0 0 0 0 0 0 0 0 0 0 0 0 2 0 0 0 0 0 0 0 0 0 
0 0 0 0 0 0 0 0 0 0 0 0 0 0 0 0 0 0 0 0 0 0 0 0 0 0 0 0 0 0 0 0 0 0 0 0 0 0 0 0 0 0 0 0 0 0 0 0 0 0 0 0 0 0 0 0 0 0 0 0 
0 0 0 0 2 0 0 0 0 0 0 0 0 0 0 0 0 0 0 0 0 0 0 0 2 0 0 0 0 0 0 0 0 0 0 0 0 0 0 0 0 0 0 0 0 0 0 0 0 0 0 0 0 0 0 0 0 0 0 0 
0 0 0 0 0 0 0 0 0 0 0 0 0 0 0 0 0 0 0 0 0 0 0 0 0 0 0 0 0 0 0 0 0 0 0 0 0 0 0 0 0 0 0 0 0 0 0 0 0 0 0 0 0 0 0 0 0 0 2 0 
0 0 0 0 0 0 0 0 0 0 0 0 0 0 0 0 0 0 0 2 0 0 0 0 0 0 0 0 0 0 0 0 0 0 0 0 0 0 0 0 0 0 0 0 0 0 0 0 0 0 0 0 0 0 0 0 0 0 0 0 
0 0 0 0 0 0 0 0 0 0 0 0 0 0 0 0 0 0 0 0 0 0 0 0 0 0 0 0 0 0 0 0 0 0 0 0 0 0 0 0 2 0 0 0 0 0 0 0 0 0 0 0 0 0 0 0 0 0 0 0 
0 0 0 0 0 0 0 0 0 0 0 2 0 0 0 0 0 0 0 0 0 0 0 0 0 0 0 2 0 0 0 0 0 0 0 0 0 0 0 0 0 0 0 0 0 0 0 0 0 0 0 0 0 0 0 0 0 0 0 0 
0 0 0 0 0 0 0 0 0 0 0 0 0 0 0 0 0 0 0 0 0 0 2 0 0 0 0 0 0 0 0 0 0 0 0 0 0 0 0 0 0 0 0 0 0 0 0 0 0 0 0 0 0 2 2 0 0 0 0 0 
0 0 0 0 0 0 0 0 0 0 0 0 0 0 0 0 0 0 0 0 0 0 0 0 0 0 0 0 0 0 0 0 0 0 0 0 0 0 0 0 0 0 2 0 0 0 0 0 0 0 0 0 0 0 0 0 0 0 0 0 
0 0 0 0 0 0 0 0 0 0 0 0 0 0 0 0 0 0 0 0 0 0 0 0 0 0 0 0 0 0 0 0 0 0 0 0 0 0 0 0 0 0 0 0 0 0 0 0 0 0 0 0 0 0 0 0 0 0 0 0 
0 0 0 0 0 0 0 0 0 0 0 0 0 0 0 0 0 0 0 0 0 0 0 0 0 0 0 0 0 0 0 0 0 0 0 0 0 0 0 0 0 0 0 0 0 0 0 0 0 0 0 0 0 0 0 0 0 0 0 0 
0 0 0 0 0 0 0 0 0 0 0 0 0 0 0 0 0 0 0 0 0 0 0 0 0 0 0 0 0 0 0 0 0 0 0 0 0 0 0 0 0 0 0 0 0 0 0 0 0 0 0 0 0 0 0 0 0 2 0 0 
0 0 0 0 0 0 0 0 0 0 0 0 0 2 0 0 0 0 0 0 0 0 0 0 0 0 2 0 0 0 2 0 0 0 0 0 0 0 0 0 0 0 0 0 0 0 0 0 0 0 0 0 0 0 0 0 0 0 0 0 
0 0 0 0 0 0 0 0 0 0 0 0 0 0 0 0 0 0 0 0 0 0 0 0 0 0 0 0 0 0 0 0 0 0 0 0 0 0 0 0 0 0 0 0 0 0 0 0 0 0 0 0 0 0 0 0 0 0 0 0 
0 0 0 0 0 0 0 0 0 0 0 0 0 0 0 0 0 0 0 0 0 0 0 0 0 0 0 0 0 0 0 0 0 0 0 0 0 0 0 0 0 0 0 0 0 0 0 0 0 0 0 0 0 0 0 0 0 0 0 0 
0 0 0 0 0 0 0 0 0 0 2 0 0 0 0 0 0 0 0 0 0 0 0 0 0 0 0 0 2 0 0 0 2 0 0 0 0 0 0 0 0 0 0 0 0 0 0 0 0 0 0 0 0 0 0 0 0 0 0 0 
0 0 0 0 2 0 0 0 0 0 0 0 0 0 0 2 0 0 0 0 0 0 0 0 0 0 0 0 0 0 0 0 0 0 0 0 0 0 0 0 0 0 0 0 0 0 2 0 0 0 0 0 0 0 0 0 0 0 0 0 
0 0 0 0 0 0 0 0 0 0 0 0 0 0 0 0 0 0 0 0 0 0 0 0 0 0 0 0 0 0 0 0 0 0 0 0 0 0 0 0 0 0 0 0 0 0 0 0 0 0 0 0 0 0 0 0 0 0 0 0 
0 0 0 0 0 0 0 0 0 0 0 0 0 0 0 0 0 0 0 0 0 0 0 0 0 0 0 0 0 0 0 0 0 0 0 0 0 0 0 0 0 0 0 0 0 0 0 0 0 0 0 0 0 0 0 0 0 0 0 0 
0 0 2 0 0 0 0 0 0 0 0 0 0 0 0 0 0 0 0 0 0 0 0 0 0 0 0 0 0 0 0 0 0 0 0 0 0 0 0 0 0 0 0 0 0 0 0 0 0 0 2 0 0 0 0 0 0 0 0 0 
0 0 0 0 0 0 0 0 0 0 0 0 0 0 0 0 0 0 0 0 0 0 0 0 0 0 0 0 0 0 0 0 0 0 0 0 2 0 0 0 0 0 0 0 0 0 0 0 0 0 0 0 0 0 0 0 0 0 0 0 
0 0 0 0 0 0 0 0 0 0 0 2 0 0 0 0 0 0 0 0 0 0 0 0 0 0 0 0 0 0 0 0 0 0 0 0 0 0 0 0 0 0 0 0 0 0 0 0 0 0 0 0 2 0 0 0 0 0 0 0 
0 0 0 0 0 0 0 0 0 0 0 0 0 0 0 0 2 0 0 0 0 0 0 0 0 0 0 0 2 0 0 0 0 0 0 0 0 0 0 0 0 0 0 0 0 0 0 0 0 0 0 0 0 0 0 0 0 0 0 0 
0 0 0 0 0 0 0 0 0 0 0 0 0 0 0 0 0 0 0 0 0 0 0 0 0 0 0 0 0 0 0 0 0 0 0 0 0 0 0 0 0 0 0 0 0 0 0 0 0 0 0 0 0 0 0 0 0 0 0 0 
0 0 0 0 0 2 0 0 0 0 0 0 0 0 0 0 0 0 0 0 0 0 0 0 0 0 0 0 0 0 0 0 0 0 0 0 0 0 0 0 0 0 0 0 0 0 0 0 0 0 0 2 0 0 0 0 0 0 0 0 
0 0 0 0 0 0 0 0 0 0 0 0 0 0 0 0 0 0 0 0 0 0 0 0 0 0 0 0 0 0 0 0 0 0 0 0 0 0 0 0 0 0 0 2 0 0 0 0 0 0 2 0 0 0 0 0 0 0 0 0 
0 2 0 0 0 0 0 0 0 0 0 0 0 0 0 0 0 0 0 0 0 0 2 0 0 0 0 0 0 0 0 0 0 0 0 0 0 0 0 0 0 0 0 0 0 0 0 0 0 0 0 0 0 0 0 0 0 0 0 0 

Iteración 20 - Representación de la matriz:
0 0 0 2 0 2 0 0 2 2 0 0 0 0 2 0 0 0 0 0 2 0 0 0 0 2 0 0 0 0 0 2 0 0 0 2 2 0 0 0 0 0 2 0 0 2 0 0 0 0 2 0 2 0 0 0 1 0 0 0 
0 2 0 0 2 0 0 0 1 2 0 1 2 0 0 0 0 0 0 2 0 0 0 0 2 0 0 2 0 0 0 2 2 0 0 2 0 2 0 0 0 0 2 0 0 2 0 0 0 0 2 0 0 0 0 2 2 0 0 0 
0 0 2 0 2 0 0 0 0 0 2 2 2 0 0 2 0 0 2 2 2 2 0 2 2 0 2 0 2 0 0 2 2 2 0 2 2 0 0 0 0 0 2 0 0 0 0 0 0 0 0 0 0 0 0 0 0 0 2 2 
0 2 2 0 2 2 2 0 0 2 0 0 0 0 0 2 0 0 0 0 0 0 0 0 0 2 0 0 0 0 0 0 1 0 0 0 2 0 2 0 0 2 2 0 0 0 0 0 0 0 0 0 2 2 0 0 0 0 0 0 
0 0 0 0 0 0 0 0 0 0 0 0 0 0 2 0 0 0 2 2 0 0 0 0 2 2 0 0 0 2 0 0 2 0 2 0 0 1 2 0 0 2 0 0 0 0 2 0 2 0 0 1 0 0 0 0 0 0 0 0 
0 0 0 2 2 0 2 0 0 2 0 2 0 0 0 0 2 0 0 0 2 0 0 0 0 0 0 1 2 2 2 0 2 0 0 0 0 0 2 0 2 0 0 0 0 0 0 0 0 0 2 0 2 0 0 0 2 0 0 2 
0 2 2 0 0 0 0 0 0 0 2 0 0 2 0 2 0 0 0 0 2 0 0 0 2 0 2 0 0 2 0 0 0 2 0 0 0 0 2 0 2 0 0 2 2 0 0 0 2 2 0 2 0 2 0 2 0 0 2 0 
1 0 0 2 0 2 0 0 0 0 2 0 0 0 0 0 0 0 2 0 0 0 2 2 2 0 0 0 0 2 0 0 0 0 0 2 0 0 0 2 0 0 0 0 2 2 0 2 0 0 0 0 0 2 0 0 0 2 0 2 
0 0 0 0 0 0 0 0 2 0 0 0 2 0 0 0 0 0 0 0 2 0 0 0 2 0 0 0 0 0 0 0 0 0 0 0 0 2 2 0 0 0 0 0 2 0 0 2 0 2 2 0 0 0 0 2 0 2 0 0 
2 0 2 2 2 0 0 0 2 0 2 0 0 0 0 0 2 2 0 0 0 2 0 2 2 2 2 0 0 2 0 0 0 0 0 2 0 0 2 0 0 0 0 2 2 0 2 0 0 0 2 0 2 0 0 0 0 0 0 0 
2 0 0 2 0 0 0 2 2 2 0 0 0 2 0 0 0 0 0 0 0 0 2 0 0 2 2 0 0 2 0 0 0 0 0 0 0 0 2 0 0 2 2 0 2 2 0 0 0 0 0 0 0 0 2 0 0 2 2 2 
0 0 0 0 0 0 2 0 0 0 1 0 0 0 0 1 0 0 2 0 0 0 2 2 0 2 2 2 0 0 2 0 0 0 0 0 2 0 2 2 0 2 2 0 2 2 0 2 0 2 0 0 0 0 0 0 0 2 0 0 
0 0 2 0 0 2 0 2 0 0 0 0 2 2 0 0 0 0 2 2 2 2 0 0 2 0 0 0 2 0 2 0 0 0 0 0 2 1 0 0 0 0 0 0 1 1 0 2 2 0 0 0 0 2 0 0 2 0 0 0 
0 2 0 2 2 0 2 2 0 2 2 0 0 2 0 2 0 0 0 0 0 2 2 0 0 0 0 0 2 0 0 0 0 2 0 2 0 0 2 0 2 0 0 0 2 0 0 0 0 0 0 2 0 0 2 0 0 2 0 0 
0 2 0 0 0 2 0 1 2 0 2 0 2 2 0 0 0 0 2 0 0 0 0 2 0 0 0 2 0 0 1 0 2 0 0 0 0 0 0 2 0 0 0 0 0 0 2 0 0 2 0 2 2 0 0 0 2 0 0 0 
2 0 0 1 0 0 0 0 0 1 0 0 0 2 0 0 0 2 1 2 2 0 0 0 0 0 0 0 0 2 0 0 0 0 0 0 2 0 0 0 2 0 0 0 1 2 0 2 0 0 2 1 0 0 2 2 2 0 0 2 
0 0 2 0 2 0 0 0 0 0 0 0 0 0 0 0 2 0 0 0 0 0 0 0 1 2 0 2 2 2 1 0 1 0 0 0 0 0 2 2 0 0 0 0 0 0 2 0 0 0 2 2 0 0 2 2 2 0 0 2 
2 0 0 0 0 2 0 2 2 0 0 0 0 0 0 0 0 2 1 0 2 0 1 0 0 0 0 0 2 2 0 0 0 0 2 2 0 2 2 1 0 0 0 0 0 0 1 0 2 0 0 2 0 0 2 0 0 1 0 0 
0 2 0 2 0 2 2 0 0 0 0 2 0 2 2 0 0 0 0 0 0 0 2 2 0 0 0 0 0 2 0 0 0 0 0 1 0 0 2 0 0 2 0 0 0 0 0 0 0 2 0 0 0 0 0 2 0 0 0 0 
0 0 0 0 0 0 0 0 2 0 2 0 0 0 0 2 0 0 0 0 2 2 2 2 0 0 0 1 2 0 0 2 0 0 0 0 2 0 0 0 2 0 0 0 2 0 2 0 2 2 2 0 0 0 2 2 0 0 2 0 
0 2 0 2 0 0 2 0 0 0 0 2 0 0 2 2 0 2 0 0 0 0 0 0 0 2 1 2 0 0 2 0 0 0 0 2 2 0 0 0 0 0 0 0 2 0 0 0 0 0 0 0 2 0 2 2 0 0 0 0 
0 2 0 2 0 0 0 2 0 0 0 2 0 2 0 1 0 0 0 0 2 0 2 0 2 0 0 0 0 2 0 0 0 0 0 0 0 2 0 2 0 0 0 0 0 0 2 2 0 2 0 0 0 0 2 0 0 0 2 0 
0 0 2 0 0 2 0 0 0 0 0 2 2 0 0 2 2 2 0 0 2 0 2 0 0 0 0 0 0 2 0 0 0 0 0 1 0 0 0 2 0 0 0 0 2 0 2 0 0 1 0 0 0 0 0 0 0 0 2 2 
0 0 2 0 0 0 0 2 0 0 0 0 0 0 0 2 2 0 0 0 0 0 0 0 0 0 0 2 2 0 0 0 2 0 2 2 1 2 0 0 2 0 0 2 0 0 1 2 0 0 2 2 0 0 2 0 0 0 0 0 
2 0 0 2 0 0 0 0 2 0 0 0 0 0 0 0 0 0 0 0 0 2 0 0 0 2 0 0 0 2 2 2 0 2 1 0 0 0 2 0 0 0 0 0 0 0 0 0 2 2 0 2 2 1 2 0 2 0 2 0 
2 0 0 0 0 0 0 0 0 0 2 0 0 0 2 0 0 0 0 0 0 2 1 0 0 0 2 0 0 2 0 2 2 0 0 0 2 0 0 0 0 2 0 2 0 0 0 0 0 0 0 0 0 2 0 0 2 2 2 0 
2 0 2 2 2 0 0 2 0 0 0 2 2 2 0 0 0 0 0 0 0 0 0 0 2 0 2 0 2 0 0 0 0 2 0 0 0 0 0 0 0 0 2 2 0 2 0 0 0 0 2 2 0 2 2 0 0 2 0 0 
0 0 0 2 0 2 0 0 0 0 0 0 0 0 2 0 0 0 2 2 2 2 0 0 0 2 0 2 2 0 0 0 0 0 0 0 0 2 0 2 0 0 0 0 0 0 0 0 2 2 2 0 1 0 2 0 0 0 0 2 
0 2 0 2 0 0 0 2 2 2 0 0 2 2 0 0 0 0 0 0 0 0 0 0 0 0 2 2 2 0 0 2 0 0 2 0 2 2 2 2 2 2 2 0 0 2 0 2 0 2 0 0 0 0 2 0 0 0 0 0 
2 2 0 0 0 0 0 0 0 2 0 2 0 0 0 0 0 2 0 0 1 0 0 0 0 0 2 0 2 2 0 2 0 0 0 0 0 2 0 0 0 0 0 2 0 0 1 0 0 1 0 0 0 0 0 0 2 0 2 0 
0 0 0 0 0 0 0 0 0 0 2 0 2 2 0 0 0 0 0 0 0 0 2 2 0 0 0 0 0 2 0 0 0 0 2 0 2 1 0 0 0 0 0 0 2 2 2 0 0 0 0 0 0 0 0 2 2 2 0 2 
0 0 0 2 0 0 0 0 0 0 0 0 2 2 0 0 0 0 0 0 0 0 0 0 2 0 2 0 0 0 0 0 2 0 2 0 0 2 2 2 2 0 2 0 0 0 2 0 0 0 0 0 0 0 0 0 0 0 0 0 
0 0 0 2 0 2 2 0 0 2 2 0 0 0 0 0 0 0 0 2 0 0 0 2 0 0 0 0 0 2 0 2 2 0 0 2 0 2 0 0 0 0 0 0 0 0 0 0 0 0 0 1 0 0 0 0 0 0 2 0 
0 0 0 0 0 0 0 0 0 0 0 2 0 0 0 2 0 0 0 0 0 0 0 0 0 2 2 0 1 0 0 2 0 2 0 0 0 0 0 2 0 0 2 2 0 2 0 2 0 0 2 0 0 0 0 2 2 0 2 0 
0 0 0 0 0 2 0 0 2 0 0 0 0 2 2 2 0 0 2 0 2 0 0 0 2 0 0 0 2 0 0 0 0 2 2 0 0 0 0 0 0 0 0 0 0 0 0 0 0 0 0 0 2 0 0 0 0 0 0 2 
0 0 0 0 0 0 2 0 0 0 2 0 0 2 0 0 2 0 0 2 2 2 0 0 0 0 0 0 0 0 2 0 0 0 0 0 0 0 0 0 0 0 0 2 0 0 0 0 0 0 0 0 0 0 0 0 0 0 2 0 
0 0 2 0 0 0 2 0 0 0 0 0 0 0 0 0 0 0 2 2 1 2 1 0 0 0 2 2 2 2 0 0 0 2 0 0 2 0 0 0 0 0 2 0 0 0 0 0 0 0 0 2 0 0 0 0 0 0 0 0 
2 0 0 0 2 0 0 1 2 0 0 0 0 0 0 2 0 0 0 2 2 0 2 2 0 0 0 2 0 0 2 0 0 2 0 0 2 0 0 0 0 1 0 0 0 0 2 0 2 0 0 0 0 0 2 0 0 0 0 0 
2 0 2 0 0 0 0 0 2 0 2 2 0 2 0 0 2 2 1 1 2 0 0 0 2 0 0 2 0 2 0 0 0 0 2 2 2 0 0 0 0 2 0 0 0 1 0 2 2 0 0 0 2 0 0 0 0 0 0 0 
2 2 0 0 0 0 2 2 0 2 2 0 0 2 2 0 0 0 0 2 0 2 0 0 0 0 2 0 2 2 2 2 0 0 2 0 0 0 2 0 0 2 0 0 2 0 2 2 2 2 0 2 0 2 1 2 2 0 2 2 
0 2 0 2 0 2 2 2 0 0 0 0 0 0 0 2 0 0 0 0 0 0 0 2 0 0 0 2 0 2 0 1 2 2 0 2 0 2 0 2 0 0 2 0 0 2 0 2 0 0 0 0 2 0 0 2 0 0 0 2 
0 0 0 0 2 0 0 0 2 0 2 0 0 2 2 0 2 0 0 0 2 0 2 2 0 0 2 0 2 0 0 0 0 0 2 0 0 0 0 0 0 2 0 0 2 0 0 0 0 2 0 0 0 0 2 2 0 0 0 0 
0 0 0 0 0 2 0 0 2 2 0 0 0 2 2 0 0 2 1 0 0 0 0 0 0 1 0 2 0 2 2 2 0 0 0 0 0 0 0 2 2 2 2 2 0 0 2 1 0 2 0 0 2 0 0 2 0 2 0 0 
0 0 2 0 0 0 2 0 0 2 0 0 0 2 0 2 0 0 0 0 0 2 2 2 0 0 0 0 0 2 2 0 0 1 0 0 0 0 2 0 1 0 2 0 2 2 0 0 0 0 0 0 2 0 0 0 0 2 0 0 
0 0 0 0 0 0 0 0 0 0 0 0 2 0 2 0 0 2 0 0 0 2 0 0 0 0 2 0 0 0 2 0 0 2 0 2 0 0 0 0 0 0 0 0 1 0 2 0 0 0 0 0 2 0 0 0 0 0 2 0 
2 0 0 0 0 0 2 0 0 0 0 2 0 2 0 0 0 0 0 0 0 0 0 0 0 0 0 0 0 0 0 0 0 0 2 0 2 0 2 2 0 2 0 0 0 0 2 2 0 0 0 1 0 0 0 2 0 0 2 2 
0 2 2 0 0 2 0 0 2 0 0 0 0 0 1 0 0 0 0 0 2 0 2 0 0 0 0 0 2 2 0 0 1 0 2 0 0 0 0 0 0 0 1 2 0 2 0 0 2 0 0 0 0 2 2 0 0 2 0 2 
1 0 0 0 0 0 0 0 0 0 2 2 0 0 0 0 2 2 0 0 0 2 0 2 2 0 0 0 0 0 2 0 2 0 0 0 0 0 0 2 0 0 0 0 0 1 0 1 0 0 2 0 1 0 0 0 0 2 0 2 
0 0 0 0 2 2 2 0 0 2 0 2 0 2 0 0 0 0 0 0 0 0 0 2 0 2 0 2 0 2 0 2 0 0 0 0 2 0 2 0 0 2 0 0 2 2 0 0 0 2 2 0 2 2 0 0 0 0 2 0 
0 0 0 0 0 2 0 2 0 0 2 0 0 2 0 0 0 0 0 2 2 2 0 0 0 0 0 2 0 2 0 2 0 0 0 0 0 0 0 0 0 2 0 0 0 0 0 0 0 0 2 0 0 0 0 0 0 0 0 0 
0 0 0 1 0 0 0 2 2 0 0 0 0 0 2 2 2 1 0 0 0 0 2 0 2 0 0 0 0 2 0 2 0 0 0 0 2 0 0 0 2 2 0 2 0 0 0 0 0 0 0 0 0 0 0 0 0 0 0 0 
2 0 0 0 0 2 0 0 0 0 2 0 0 0 0 0 2 0 0 0 0 0 2 2 0 0 0 0 0 0 0 0 1 0 0 0 0 0 0 2 0 0 2 0 0 0 0 0 0 0 2 0 0 1 2 0 0 0 0 0 
0 2 0 2 2 2 0 0 0 2 2 2 0 0 2 0 0 0 0 0 0 0 0 0 2 0 0 0 0 0 0 0 0 1 0 0 0 0 0 0 0 0 2 0 0 0 0 0 2 1 1 2 0 2 0 0 2 0 0 0 
0 0 0 0 0 0 2 0 0 0 0 0 0 0 0 2 0 0 0 2 2 2 2 2 0 0 0 0 0 2 2 0 0 0 0 1 2 0 2 0 0 0 0 2 2 0 2 0 0 0 2 0 0 2 0 0 0 0 0 0 
0 2 0 0 0 0 0 2 0 0 0 2 2 2 0 0 0 1 0 0 0 0 0 0 0 0 2 0 0 2 0 0 0 2 0 0 0 0 0 0 0 2 2 0 2 0 0 0 0 0 0 2 0 0 2 0 0 0 0 0 
0 0 0 2 0 0 0 0 0 0 0 0 0 0 0 0 0 0 0 0 0 0 0 0 0 0 0 2 2 0 0 0 0 2 0 0 0 0 2 0 0 0 0 0 2 0 0 2 0 1 0 2 2 0 0 0 0 0 2 2 
0 0 0 0 0 0 0 0 0 2 0 0 2 0 0 0 0 2 0 0 0 0 2 0 0 2 0 0 0 0 0 0 2 0 0 0 2 2 0 2 0 1 2 0 2 0 2 0 2 0 2 0 0 0 0 0 0 0 0 0 
2 0 0 0 2 2 0 1 0 2 0 2 0 0 2 2 0 2 0 0 0 0 0 1 0 0 0 0 0 0 1 0 2 2 0 2 0 0 0 0 2 0 0 0 0 0 0 0 0 0 0 0 0 2 0 0 0 0 2 2 
0 0 2 0 0 0 0 0 0 0 1 0 0 0 0 0 0 0 2 0 2 0 0 2 0 0 2 1 0 0 0 2 0 2 2 0 0 0 2 0 0 0 0 0 0 0 0 2 2 1 0 0 0 0 0 0 2 0 0 0 
0 0 0 0 0 0 0 0 2 0 2 0 0 0 0 0 0 0 0 0 0 2 0 0 2 0 0 0 0 0 2 0 2 0 0 2 0 2 0 0 0 0 2 0 0 0 0 0 0 0 0 0 0 0 2 0 0 0 2 0 

Iteración 30 - Representación de la matriz:
0 1 2 0 1 0 1 2 0 0 2 0 1 0 2 0 1 2 2 2 0 2 0 1 0 1 0 0 0 2 0 0 2 0 2 1 0 2 2 0 0 2 0 0 2 1 0 0 0 1 0 0 0 0 0 2 0 2 0 1 
0 0 0 2 0 0 1 0 1 0 1 0 0 2 2 2 1 0 0 2 1 1 0 0 0 2 0 2 2 0 2 0 1 0 1 0 0 0 2 0 2 2 0 2 2 1 2 1 0 1 2 0 0 2 0 1 0 1 2 2 
1 0 0 2 2 0 0 2 1 2 2 2 1 2 0 1 0 0 1 2 0 2 0 2 0 0 0 0 0 0 2 0 0 2 2 2 0 1 0 0 0 2 0 0 2 2 0 0 0 0 1 0 2 2 1 0 2 1 0 0 
0 0 0 0 2 2 2 2 2 2 0 0 2 2 1 0 1 0 1 1 2 0 0 0 0 0 0 2 0 2 0 1 1 0 0 2 0 0 2 0 1 0 0 0 0 0 2 0 2 1 0 1 0 2 1 2 1 0 2 2 
0 0 2 0 0 0 0 1 1 0 0 0 2 0 0 2 0 1 0 0 1 2 1 0 2 2 0 0 2 0 0 2 0 0 1 2 0 0 2 0 0 0 2 0 2 0 1 1 2 1 0 0 2 2 0 2 0 0 2 0 
0 2 0 0 2 0 0 0 0 0 0 0 2 2 0 0 1 0 0 0 2 0 2 1 1 2 1 1 0 0 2 2 0 2 2 0 0 0 2 0 0 0 1 0 0 0 2 0 0 0 2 1 2 1 0 0 0 0 1 2 
1 0 1 0 1 0 0 1 0 0 2 2 1 0 0 0 0 0 2 2 0 1 2 0 0 0 0 2 2 0 2 2 1 1 0 2 1 0 1 0 0 0 2 0 1 0 0 0 2 2 0 0 0 1 0 0 2 0 2 0 
2 1 2 1 0 1 0 0 0 0 2 2 2 2 0 1 2 0 0 0 0 1 0 0 0 2 0 0 0 1 2 0 2 1 0 0 0 0 0 0 0 2 0 2 1 2 2 0 0 1 0 0 0 0 1 0 0 2 2 0 
1 0 0 2 0 2 2 0 2 0 1 0 2 0 0 2 0 0 2 0 0 0 2 1 1 0 1 2 0 0 1 0 2 1 0 1 2 1 0 0 0 2 0 0 0 2 0 0 2 0 1 0 0 2 2 0 0 0 0 0 
2 0 0 0 0 0 1 1 1 2 1 2 1 2 1 0 2 2 0 2 1 0 0 2 2 0 2 2 0 2 0 1 0 1 0 2 1 2 0 0 1 2 1 0 2 2 1 2 1 0 1 0 0 0 1 0 0 2 0 0 
0 0 2 0 0 0 0 2 0 1 0 0 1 0 1 2 2 0 1 0 2 0 0 0 0 2 0 0 2 0 2 1 0 2 0 2 0 0 0 2 2 0 0 1 0 2 0 0 2 1 0 0 0 2 2 2 0 0 0 1 
2 0 0 2 1 0 1 0 2 0 1 0 0 0 0 1 0 2 0 1 2 1 2 2 0 0 0 2 2 1 0 2 0 1 1 2 1 2 1 0 2 0 0 0 0 2 1 1 2 1 0 2 1 2 2 2 1 0 0 0 
2 1 1 2 0 2 2 0 0 0 0 1 0 2 1 2 1 2 2 2 0 2 0 0 2 1 0 0 0 1 0 2 2 0 0 1 2 0 2 1 2 1 1 1 0 2 2 1 0 0 0 2 0 0 0 0 1 2 2 0 
0 0 0 2 0 2 0 1 1 2 2 1 1 0 0 0 1 2 2 0 0 2 1 0 0 1 0 1 1 1 0 0 0 0 2 1 2 0 0 0 2 2 0 2 0 0 0 0 0 1 0 2 1 0 1 2 0 0 0 0 
0 0 2 2 0 1 2 0 1 1 2 2 0 0 0 2 0 1 2 2 1 0 2 0 0 0 1 2 2 0 1 0 1 0 2 1 0 2 1 0 0 0 0 0 0 2 1 1 0 0 0 1 0 2 0 2 1 2 2 0 
1 1 1 0 2 0 2 0 1 1 1 0 1 0 0 0 1 0 0 2 1 2 0 1 2 0 0 0 0 0 0 1 0 1 2 2 0 0 1 0 1 0 0 0 0 0 0 0 0 0 0 0 0 0 0 0 0 0 0 1 
1 0 2 1 2 1 0 1 0 0 0 0 2 2 0 2 1 0 2 1 2 0 2 0 1 0 0 2 0 0 0 1 0 0 0 1 0 0 0 0 0 0 0 0 2 0 0 0 0 1 0 0 2 1 0 0 1 0 2 1 
0 0 2 2 1 2 2 2 0 0 1 0 0 2 0 2 0 1 2 0 2 0 2 2 0 2 0 2 2 1 0 0 1 0 0 0 0 2 0 2 2 0 0 0 0 0 0 0 1 0 2 1 0 0 0 1 2 2 0 2 
0 0 0 0 0 0 2 0 0 0 0 0 1 1 0 0 0 0 0 0 0 0 2 1 0 1 1 0 0 0 1 2 0 1 2 2 0 2 2 0 0 0 0 0 0 2 2 2 0 1 2 1 2 2 1 1 0 0 0 0 
2 2 1 0 1 0 0 0 0 1 1 2 0 0 2 0 2 2 0 0 0 0 0 2 1 1 2 2 0 2 0 2 2 2 0 0 0 0 2 0 0 0 1 2 2 1 0 2 2 0 2 0 0 0 1 0 0 0 0 0 
0 0 2 2 0 0 0 0 2 2 0 1 1 2 0 0 0 0 0 0 1 0 0 0 1 0 2 1 2 2 0 0 2 0 2 2 0 2 2 0 0 2 0 1 2 1 0 2 2 0 2 2 0 2 0 2 2 0 2 2 
2 0 0 0 0 2 0 1 0 0 2 2 0 1 0 0 2 1 0 0 1 1 2 1 1 1 0 0 0 0 0 0 0 0 2 1 0 1 0 0 1 0 0 2 0 0 0 0 0 2 2 0 2 2 2 2 0 0 0 0 
0 2 0 1 1 2 1 0 0 2 2 0 0 1 0 2 0 2 0 0 0 0 0 0 2 1 0 1 2 0 0 1 1 2 0 0 0 1 2 2 1 0 2 2 0 2 2 0 2 2 1 0 0 1 2 0 0 2 1 0 
0 2 2 2 0 1 0 0 2 1 2 1 2 2 0 1 2 0 2 0 0 0 1 0 0 0 0 0 1 0 1 1 0 0 1 0 0 2 1 2 0 2 0 2 0 0 1 0 0 1 0 1 0 2 1 2 0 1 2 2 
2 0 1 0 2 0 1 0 1 0 1 0 1 0 2 0 2 2 2 2 2 0 0 0 2 0 0 2 0 0 0 1 0 0 2 0 0 0 2 0 0 0 0 1 2 2 0 1 1 0 0 0 0 0 0 1 2 0 0 0 
0 0 0 2 1 1 0 2 2 2 2 1 0 0 2 2 0 0 1 1 2 0 0 2 0 2 0 2 0 0 2 1 0 0 0 2 0 1 1 0 2 2 0 0 0 2 0 2 0 0 1 0 1 2 0 0 2 2 0 1 
0 2 2 1 0 2 0 1 0 1 0 2 2 0 2 1 0 0 2 0 0 0 2 0 2 2 0 0 0 0 1 1 2 2 0 2 1 0 1 0 0 0 0 2 0 0 2 0 0 0 0 0 0 0 2 0 0 0 0 0 
2 1 1 0 0 0 0 1 0 0 0 0 0 2 2 2 2 2 0 0 2 2 0 1 1 0 0 0 0 0 0 2 1 2 2 1 0 0 2 1 1 2 1 0 2 2 2 1 0 0 0 0 0 0 1 1 0 2 2 2 
0 0 0 1 0 2 1 0 0 0 1 2 1 0 2 2 1 0 0 2 0 2 1 2 1 0 2 2 0 0 1 1 0 2 1 1 0 0 0 2 0 0 0 0 2 0 0 0 2 0 1 2 0 0 2 1 0 0 2 0 
0 1 2 2 0 0 1 0 0 2 0 1 2 2 1 0 0 2 0 0 0 0 0 0 0 0 0 0 1 2 0 1 2 1 0 1 0 2 0 0 2 0 0 0 0 2 0 0 0 2 1 2 0 1 1 0 0 0 0 2 
0 2 2 2 2 0 0 2 0 2 0 0 0 1 0 0 0 0 0 2 0 0 2 0 0 1 2 2 0 0 0 1 2 0 2 2 0 1 0 1 0 1 0 1 0 0 0 0 0 0 0 2 0 2 2 0 1 1 2 0 
1 0 0 0 2 2 2 1 0 0 0 0 0 2 1 0 2 0 0 0 2 2 2 1 2 1 0 0 0 2 2 0 0 0 2 0 0 0 0 0 0 0 0 0 0 0 2 0 2 2 0 0 0 0 2 0 0 1 0 0 
1 0 1 0 0 0 0 0 0 1 0 1 0 1 2 1 0 1 0 2 2 0 1 0 0 2 0 0 2 2 0 0 1 1 0 0 0 2 0 0 0 0 0 0 2 1 1 0 0 0 2 0 0 2 1 0 2 1 0 2 
1 2 2 2 2 2 0 1 0 0 0 0 0 1 1 0 0 0 0 0 2 2 0 2 2 0 1 0 0 2 0 0 1 2 0 0 1 0 2 1 0 2 0 1 0 0 0 0 0 2 2 0 0 0 2 2 1 2 1 1 
2 0 1 1 2 2 2 0 1 0 0 0 2 0 0 0 0 0 2 1 0 0 2 2 0 1 2 1 0 0 0 2 1 0 1 1 2 2 0 0 1 0 0 1 0 2 0 0 1 0 0 0 0 2 0 0 2 2 1 0 
2 2 2 0 0 0 1 2 0 1 0 0 1 2 1 0 0 0 0 0 0 1 0 0 0 2 2 0 0 0 2 0 2 0 2 0 0 2 0 0 1 0 0 0 1 0 0 2 2 0 2 2 1 0 2 1 0 0 0 1 
0 0 0 0 0 1 1 1 0 2 0 0 2 2 0 1 2 0 2 0 0 0 0 0 1 0 2 1 0 0 1 1 0 0 2 0 0 1 1 0 0 0 0 2 0 0 2 0 0 1 0 0 0 0 0 0 0 2 1 0 
0 2 0 2 2 1 2 1 0 0 1 1 0 2 2 1 2 0 0 2 0 0 2 2 0 0 2 2 2 1 0 0 1 2 0 1 0 0 1 0 2 0 1 1 2 2 0 0 0 0 0 1 0 0 2 0 2 2 0 0 
2 2 2 0 1 0 0 2 0 1 2 0 2 2 0 0 0 2 0 2 0 2 0 0 1 0 0 0 2 2 1 2 1 1 0 2 2 0 0 2 2 0 0 2 1 0 0 0 0 2 0 0 0 0 0 0 0 0 0 2 
0 0 2 0 0 0 2 0 1 1 0 0 2 1 2 2 1 0 1 0 0 0 1 2 2 0 2 0 0 0 0 1 2 0 1 0 0 0 0 2 0 1 2 0 0 0 1 1 0 2 1 2 0 2 1 2 2 0 1 1 
0 0 0 2 1 2 0 1 0 2 0 0 0 2 2 2 1 0 1 0 2 2 2 1 1 1 0 1 1 1 0 1 1 0 2 0 0 0 2 1 1 0 2 0 2 1 0 2 0 0 1 0 1 0 2 0 1 0 2 2 
2 0 2 0 1 2 0 0 0 2 1 1 2 1 1 0 0 0 0 2 0 2 1 2 0 0 0 0 2 0 0 0 0 2 2 0 0 2 2 1 1 1 1 0 0 1 0 0 0 1 1 0 2 2 0 2 0 0 2 0 
0 2 1 0 2 0 0 2 0 0 2 2 0 0 2 1 0 0 0 2 2 0 0 2 2 0 1 2 2 2 2 0 0 0 0 2 1 0 0 2 1 0 0 1 1 1 0 0 0 0 1 0 0 1 0 0 0 2 0 1 
0 2 0 0 1 0 1 0 2 0 1 0 0 1 0 0 1 0 1 0 2 0 1 0 0 2 2 2 2 0 1 2 0 0 0 1 2 2 1 2 0 0 0 0 0 0 1 0 0 0 0 0 0 0 0 0 0 2 0 0 
0 2 0 2 0 2 1 1 0 1 0 2 0 0 0 0 1 0 1 1 2 2 0 0 0 0 2 0 0 2 0 0 0 0 0 2 1 0 2 1 2 1 0 0 0 1 2 0 0 0 1 0 0 2 0 0 0 0 2 0 
1 0 0 0 0 0 0 0 0 0 2 1 2 0 0 1 0 0 0 0 0 0 1 0 2 1 1 0 0 0 1 0 2 0 0 0 0 0 1 0 0 2 1 1 0 0 0 0 0 0 0 2 2 2 0 1 2 0 0 1 
0 0 2 0 1 1 0 0 0 0 0 0 0 2 0 0 0 0 0 2 1 0 0 0 1 2 1 2 0 2 2 2 0 1 0 0 0 0 0 1 2 1 0 2 0 0 0 0 1 0 0 2 0 0 0 1 0 2 1 0 
2 0 0 0 0 0 0 1 0 1 0 0 2 0 1 0 2 1 0 0 0 0 0 0 2 2 0 1 0 0 2 0 1 0 0 0 1 2 1 2 0 1 0 1 1 1 2 0 0 2 0 2 0 2 2 2 0 2 0 2 
1 0 1 2 0 0 0 1 1 0 1 2 0 1 2 2 0 0 1 2 0 2 1 0 0 2 0 1 1 0 2 0 1 0 2 0 2 1 1 1 0 0 0 0 0 1 0 0 0 2 1 2 2 2 2 2 0 0 1 1 
2 2 2 2 0 0 0 0 0 2 1 1 0 2 1 0 0 2 0 0 0 2 2 2 2 0 0 1 0 0 1 1 0 0 2 2 0 0 0 0 1 0 0 1 2 0 0 0 0 1 2 0 1 2 0 0 0 2 0 1 
2 0 0 1 2 2 2 1 0 1 2 2 0 2 0 1 2 2 0 2 0 0 0 1 0 0 1 0 0 0 0 1 0 0 2 1 1 1 1 0 2 0 2 1 1 0 1 2 0 0 1 0 2 2 2 2 0 0 0 0 
0 0 2 1 1 0 0 0 2 0 2 2 2 2 1 0 0 1 0 2 0 2 0 2 2 0 0 0 0 1 0 1 2 2 1 0 1 0 0 1 2 0 2 2 0 0 0 0 1 0 0 0 1 0 0 0 0 0 2 2 
0 2 1 0 0 0 0 1 0 2 0 1 0 1 1 2 1 0 0 2 0 0 2 1 0 0 0 0 1 1 1 2 1 0 0 2 0 0 0 0 0 1 1 2 2 2 1 0 0 0 0 1 0 2 0 2 0 0 1 0 
0 2 0 2 1 0 0 0 2 2 1 0 0 1 0 0 0 0 1 0 1 0 1 0 0 2 2 0 0 0 0 0 1 0 0 2 0 0 2 2 0 0 0 0 1 0 2 1 0 0 0 2 2 0 0 1 0 2 0 2 
0 0 0 0 0 0 2 2 0 0 0 0 2 1 0 2 0 0 2 0 1 1 1 1 2 0 0 0 0 0 0 1 2 1 2 1 1 2 0 2 2 0 2 0 2 2 0 0 1 0 0 0 0 0 1 2 2 2 0 1 
1 2 0 2 0 1 0 0 2 0 2 0 2 1 2 0 2 2 0 1 2 0 0 2 0 0 0 0 0 1 2 2 2 0 0 0 0 2 0 0 0 0 2 2 0 0 1 2 0 2 2 0 0 0 0 2 2 0 2 1 
2 0 2 0 0 2 2 0 2 1 2 2 1 0 2 1 0 1 2 2 0 1 0 0 0 0 0 0 1 0 2 2 2 0 0 2 1 0 2 1 1 1 1 2 2 0 0 0 0 0 1 1 2 2 2 2 1 0 2 0 
2 0 0 2 2 1 0 2 2 0 0 2 1 0 2 0 0 0 2 1 2 1 0 2 2 0 2 0 2 0 0 1 0 0 2 0 1 0 2 0 0 0 1 0 0 0 0 0 1 0 0 0 1 0 0 0 0 0 2 0 
0 0 0 0 2 0 0 0 2 2 0 2 1 0 2 2 0 1 2 0 1 0 0 2 2 0 0 0 1 1 2 2 0 0 1 2 0 2 0 1 1 0 0 1 0 1 0 1 1 1 2 2 0 2 2 0 1 0 0 0 
0 0 0 2 2 2 0 1 1 0 0 2 2 1 2 0 2 1 0 2 1 0 2 0 1 2 0 0 2 0 0 0 2 0 0 0 0 0 2 2 0 0 2 0 0 2 0 0 0 0 0 0 0 2 2 0 2 0 0 0 

Iteración 40 - Representación de la matriz:
0 0 2 0 1 1 2 0 0 1 0 2 0 0 0 0 1 1 0 0 1 0 0 1 0 2 0 0 2 0 1 0 0 0 2 0 0 2 0 0 0 2 0 1 2 0 0 0 2 1 0 1 0 1 0 2 0 0 1 1 
0 1 0 0 2 2 1 0 2 0 0 0 0 1 0 0 0 0 0 1 0 2 0 0 0 1 1 1 0 1 2 0 1 1 0 1 0 0 2 1 0 0 0 2 0 1 0 0 0 1 2 1 2 1 0 2 0 0 0 0 
0 2 0 0 2 1 0 2 0 2 1 0 2 2 1 1 0 1 2 0 2 2 0 2 1 2 0 0 0 0 0 0 0 2 0 2 1 2 0 0 2 0 0 0 0 0 1 0 0 0 0 1 0 2 0 2 2 1 2 0 
2 1 0 0 0 0 0 1 0 1 1 2 0 0 0 0 2 0 0 0 0 2 2 0 1 2 0 0 0 0 0 0 0 0 0 0 0 0 0 2 0 2 0 0 0 2 0 0 0 0 0 0 2 2 1 0 2 0 0 0 
0 0 0 2 0 0 0 0 0 2 1 2 2 0 2 0 1 0 1 1 0 2 0 0 0 1 0 1 0 1 0 0 2 1 0 2 0 0 2 0 0 1 2 2 1 0 0 2 2 1 0 0 2 0 1 2 1 0 2 1 
1 0 0 0 0 0 2 1 0 0 0 1 1 1 2 2 0 0 1 2 2 0 0 0 0 0 0 0 1 0 0 0 0 1 0 0 0 0 0 1 0 2 1 0 1 2 0 0 1 1 2 0 0 0 0 1 2 0 0 2 
0 2 2 0 0 0 2 2 0 0 0 0 0 0 1 0 2 0 0 1 1 0 0 0 0 2 0 0 0 1 0 1 0 0 1 2 0 0 2 0 1 2 2 2 0 0 0 1 2 1 2 1 0 1 0 0 1 0 0 0 
2 0 0 0 0 0 1 2 0 0 2 0 2 0 0 0 0 0 0 2 0 1 0 0 1 1 0 0 0 0 0 0 0 0 0 1 0 1 0 2 1 0 0 0 2 1 1 1 1 0 0 0 0 0 0 0 0 0 1 2 
1 2 1 0 0 2 0 0 2 0 0 0 0 0 2 1 0 0 0 0 1 0 2 2 1 1 0 0 1 1 0 0 1 1 2 1 0 0 2 2 0 0 1 0 0 1 0 2 2 2 1 0 0 1 2 0 0 2 1 1 
0 2 1 1 1 1 2 0 2 2 0 2 0 1 0 0 1 1 1 0 2 1 0 1 2 0 1 0 0 0 1 0 2 0 0 1 2 2 2 0 0 2 1 0 2 0 0 0 1 0 2 0 0 2 0 2 2 0 1 0 
1 1 0 0 0 0 1 0 0 0 0 0 0 0 0 1 2 0 0 1 1 0 1 0 0 1 2 0 0 1 2 2 0 0 0 1 0 0 2 2 0 2 2 0 1 0 0 1 0 1 2 2 0 0 0 1 1 0 2 0 
2 2 2 0 1 2 0 2 2 0 0 2 2 2 0 2 1 0 1 1 0 1 0 1 2 0 2 0 2 0 2 0 0 2 0 0 2 2 0 0 1 0 2 1 1 2 1 0 1 1 0 2 0 2 2 2 0 0 1 0 
1 0 1 0 0 0 2 1 1 0 0 0 0 0 2 0 0 2 0 1 2 0 0 0 0 1 1 0 0 0 0 2 2 2 2 1 2 2 1 0 1 1 2 0 0 0 1 2 0 0 1 1 0 0 1 2 2 1 0 0 
0 2 0 0 1 0 0 0 0 2 2 0 0 2 0 2 0 2 2 0 2 0 2 1 1 2 0 0 0 0 1 0 0 0 0 0 1 0 0 0 0 0 0 0 0 0 0 2 2 0 0 0 1 0 0 1 2 0 0 0 
1 2 0 1 1 2 1 2 0 2 0 0 2 0 2 1 0 2 2 2 1 0 0 0 1 1 0 1 0 0 2 2 0 2 2 1 0 1 0 1 0 2 0 0 2 1 2 1 0 0 0 2 1 0 2 1 1 0 0 0 
0 1 0 0 0 1 0 1 1 2 0 2 2 2 0 1 2 2 0 0 0 0 0 1 0 0 0 1 0 2 0 2 2 1 0 2 0 0 0 2 0 0 1 1 0 2 1 0 0 0 1 1 0 2 0 0 2 0 2 2 
0 0 0 2 2 0 0 2 0 0 0 0 2 1 1 0 2 1 2 0 0 0 0 0 0 0 2 2 1 0 1 2 0 1 2 0 2 0 0 2 2 0 2 0 0 2 0 0 0 0 0 0 0 2 0 0 0 1 2 1 
2 0 0 0 0 1 2 0 0 0 1 0 0 0 2 2 2 2 0 1 0 0 0 2 0 0 0 0 1 0 0 2 1 0 1 2 2 0 0 0 2 0 0 2 0 0 0 2 0 0 0 2 2 0 2 0 0 2 2 0 
2 2 1 1 0 2 0 1 2 1 1 0 0 0 1 0 1 0 1 2 0 1 0 0 2 1 0 0 1 2 0 0 1 0 0 2 1 0 0 2 0 0 1 1 1 0 2 2 0 0 0 0 2 2 2 0 0 2 2 2 
0 2 2 1 2 1 0 0 0 0 0 1 1 2 0 1 2 2 1 1 0 2 1 0 1 2 2 0 2 2 1 2 0 2 0 2 0 2 0 0 2 1 0 0 0 2 0 0 0 0 0 0 1 2 0 0 0 0 0 0 
2 2 2 0 0 0 0 2 0 0 1 0 2 2 0 0 0 2 2 0 2 0 2 0 2 0 0 2 1 1 1 0 2 2 2 2 0 1 0 1 2 1 1 2 0 0 2 0 0 0 2 0 1 0 0 2 1 2 2 1 
2 0 0 2 1 2 0 1 1 2 2 2 0 0 0 1 2 0 1 1 0 0 2 0 1 1 0 0 0 0 0 0 1 0 1 1 0 2 1 0 0 0 2 0 0 0 0 0 0 2 0 0 0 2 1 0 2 0 2 0 
2 1 0 0 0 1 0 0 1 0 0 0 2 0 0 2 0 0 1 2 1 1 0 0 0 1 0 2 2 2 2 2 1 2 0 1 0 2 0 0 1 2 2 1 0 0 1 0 1 0 0 0 0 1 2 2 2 0 2 2 
0 0 0 0 2 0 0 1 0 0 1 0 1 2 0 0 0 1 2 0 1 0 1 2 0 0 1 2 2 2 1 0 0 0 0 2 0 1 2 2 0 1 1 0 0 1 1 0 0 2 2 0 0 0 1 0 0 1 1 0 
0 0 2 0 0 1 0 0 0 0 2 2 0 0 0 2 0 2 2 2 1 2 0 1 2 2 0 0 1 0 0 2 0 1 1 0 0 1 1 1 1 0 2 0 0 0 0 2 0 1 0 0 0 1 1 0 1 0 1 0 
2 1 1 0 0 1 0 0 2 0 0 2 0 2 2 2 2 2 0 1 2 0 0 0 0 2 0 0 1 0 0 1 0 2 0 2 2 0 2 0 0 0 0 1 1 0 0 0 0 1 0 0 1 0 2 0 1 0 1 0 
2 1 0 0 0 2 0 0 1 0 2 0 0 0 2 1 0 0 2 2 2 0 0 2 2 0 0 0 0 0 0 2 0 2 0 0 2 0 2 1 1 1 1 1 0 2 0 0 0 1 0 0 2 0 0 0 1 0 0 0 
2 0 1 0 0 0 2 0 0 0 0 0 0 0 1 1 0 0 2 0 0 0 0 2 0 0 2 0 1 0 0 0 2 0 0 0 0 0 0 0 0 2 1 0 0 0 0 0 0 2 2 2 0 0 2 1 0 0 2 0 
0 1 0 2 0 0 0 0 2 1 1 0 0 0 0 0 1 0 2 0 0 2 0 0 1 0 2 0 0 0 2 2 0 2 0 1 0 0 0 0 0 1 0 0 0 0 0 0 0 0 1 1 2 0 0 2 2 2 0 1 
0 0 1 1 2 0 1 0 0 1 0 1 0 0 0 0 2 0 2 1 0 0 0 0 2 0 1 0 1 0 0 0 0 0 0 0 0 1 0 0 1 0 0 2 0 1 1 1 1 1 1 0 0 0 1 0 1 0 2 1 
0 2 0 1 1 0 0 2 2 1 0 2 0 1 1 0 0 0 0 0 2 1 0 0 1 2 2 2 0 2 1 0 1 2 1 1 2 1 0 0 2 2 0 0 2 0 0 2 1 2 2 0 0 0 0 0 0 0 0 2 
0 1 2 0 1 0 1 0 0 0 0 0 0 2 0 2 2 2 0 0 1 1 0 0 2 2 1 0 1 2 0 1 0 1 1 1 0 0 0 0 0 1 2 0 1 0 0 1 1 0 0 1 0 0 0 0 1 2 0 0 
1 1 2 0 1 0 0 2 2 0 0 0 0 0 0 2 0 2 2 0 0 0 0 1 0 1 2 0 0 2 2 2 0 0 0 2 0 2 2 0 2 0 0 0 0 1 1 1 1 1 0 0 1 2 0 0 0 0 1 0 
0 0 0 1 0 0 2 1 0 1 0 1 0 0 2 0 1 0 0 1 1 0 0 2 2 2 2 1 0 0 1 2 2 0 0 0 1 0 0 0 0 0 1 0 2 2 0 0 0 0 0 1 0 0 2 2 0 0 0 0 
0 0 0 0 1 0 2 0 2 1 0 2 2 0 0 0 0 0 0 0 1 0 0 0 2 1 0 0 0 0 0 0 0 0 1 2 0 2 1 0 0 0 0 1 0 0 2 1 0 0 0 0 2 1 1 0 0 2 0 0 
0 0 2 2 0 1 0 2 1 2 0 0 2 0 0 0 0 2 1 0 0 1 0 0 2 0 0 2 0 1 0 2 0 0 0 2 1 2 2 1 0 2 0 1 0 0 0 0 2 0 2 1 0 0 0 2 2 0 0 0 
2 0 2 0 0 1 0 0 0 2 0 0 1 0 1 0 1 0 0 1 1 2 0 2 2 0 0 2 0 2 0 0 0 0 0 1 0 2 0 0 1 0 0 0 2 2 2 0 2 0 0 1 2 2 1 0 0 1 1 2 
0 2 2 0 0 0 0 0 0 0 1 2 0 0 0 0 0 0 0 2 0 0 0 2 0 0 0 0 0 1 2 0 2 0 2 0 0 0 2 2 0 0 2 0 0 0 0 1 1 0 2 0 0 0 1 2 2 2 1 0 
0 0 0 2 1 0 2 0 1 2 0 0 2 0 0 2 0 2 1 0 0 0 0 0 0 1 0 1 0 2 1 2 0 1 0 1 0 2 1 2 0 0 1 0 0 0 2 0 0 2 0 0 0 1 0 0 0 1 2 0 
0 0 0 0 1 0 1 0 1 0 2 1 0 2 2 2 1 2 1 1 2 1 0 2 0 2 2 0 1 0 2 1 0 1 2 1 1 1 0 2 2 2 2 0 1 2 0 1 0 0 0 0 0 0 0 2 0 0 0 0 
0 1 0 0 0 2 1 0 1 2 1 2 0 2 0 0 2 1 0 1 0 2 1 1 1 0 0 0 2 0 1 0 0 0 0 0 2 0 0 0 0 0 1 0 0 1 2 1 1 0 0 0 0 1 0 1 0 0 0 2 
2 2 1 2 1 2 0 0 1 0 0 0 0 0 0 0 0 0 0 0 1 1 2 2 2 2 1 1 0 0 1 0 2 0 1 2 0 0 0 0 0 1 0 0 2 0 0 0 2 0 1 0 2 0 1 0 0 0 0 0 
0 0 0 0 1 2 2 0 0 0 0 0 1 0 1 0 0 0 0 1 2 0 0 1 0 0 0 0 2 0 0 2 0 1 0 0 1 0 1 2 1 1 0 0 0 2 1 0 0 0 0 0 2 0 2 1 0 2 0 0 
0 0 0 0 1 1 1 0 2 0 1 0 2 0 0 0 1 1 1 0 0 2 2 1 0 2 0 0 0 0 1 0 0 2 0 1 1 1 2 0 1 2 1 0 0 2 2 0 0 0 2 0 1 0 0 0 2 0 0 0 
0 0 2 0 2 2 2 2 0 1 0 0 0 0 2 2 2 0 0 0 1 2 0 2 0 0 0 0 0 0 0 0 2 0 0 0 0 1 0 1 0 0 0 0 2 0 0 0 0 2 2 1 0 0 0 0 0 0 2 0 
2 0 0 2 2 1 0 2 1 1 2 1 0 2 0 0 2 2 1 0 1 0 0 0 1 2 1 0 2 0 1 0 0 0 0 1 2 0 0 2 0 0 0 1 2 2 0 2 1 0 2 0 0 0 0 2 0 2 1 0 
0 2 0 0 2 2 0 0 0 2 2 2 2 0 0 1 2 0 1 2 1 0 2 1 0 1 0 1 0 0 0 1 1 2 2 0 0 0 0 0 0 0 0 0 0 0 0 0 0 2 1 1 1 0 2 2 0 0 0 2 
0 0 0 2 0 1 0 0 2 0 0 1 0 0 0 2 0 0 0 0 0 2 0 1 0 2 0 0 0 1 1 0 2 0 1 0 0 2 2 2 1 2 2 1 1 2 0 0 2 2 1 0 0 1 2 0 0 0 1 0 
0 1 0 2 0 2 1 0 2 0 0 1 0 0 1 2 0 0 0 0 2 0 2 0 2 1 0 0 0 2 0 0 0 2 2 0 0 2 0 0 2 0 0 0 2 0 0 0 0 0 2 0 0 1 0 0 2 1 0 0 
0 0 2 0 0 0 0 2 0 0 0 0 1 0 2 0 0 2 0 0 0 0 0 0 0 0 0 0 1 1 1 0 2 2 0 2 2 2 0 0 1 2 2 2 1 2 2 1 0 0 1 0 0 2 0 0 1 0 0 1 
0 0 0 2 0 2 1 0 0 2 0 1 0 2 0 2 1 2 2 0 0 0 1 2 0 1 0 0 0 0 1 2 2 2 0 2 1 1 1 0 1 2 1 2 0 0 0 1 2 2 0 2 0 2 0 0 0 1 1 1 
0 0 0 2 0 0 0 0 2 0 1 2 0 0 0 0 0 2 0 2 0 0 0 0 2 2 0 0 1 1 2 1 1 0 2 0 2 0 0 0 1 0 1 0 0 1 1 1 0 2 0 1 0 0 1 0 0 2 1 0 
1 2 2 0 0 0 1 2 1 0 1 0 0 1 2 2 0 0 2 2 2 2 2 1 2 0 1 0 0 1 0 2 2 2 0 2 0 1 0 1 1 0 0 0 0 2 0 0 0 0 0 1 0 1 2 1 2 2 0 2 
2 1 1 0 0 0 0 1 1 0 0 2 2 1 0 0 0 0 0 0 2 0 2 0 2 2 0 0 0 0 2 0 2 0 0 0 1 0 0 0 1 2 1 0 1 0 1 0 0 0 1 0 2 0 0 1 2 1 0 0 
1 1 2 0 0 0 2 2 2 2 0 0 2 0 0 2 1 2 0 0 0 0 0 0 1 0 0 0 0 0 1 2 2 0 2 0 0 0 0 0 0 0 2 1 2 0 0 1 2 0 0 0 0 2 1 2 0 0 0 0 
1 2 1 2 0 2 0 1 2 0 0 0 0 0 2 1 2 1 0 0 0 1 0 0 2 1 2 2 2 0 1 0 0 0 2 0 0 1 1 0 0 0 2 0 0 1 0 2 0 2 1 2 2 0 0 0 2 0 0 0 
2 0 2 0 0 0 0 0 1 1 0 0 2 2 0 0 0 0 2 1 1 2 0 0 0 1 0 2 0 1 2 1 2 0 0 0 2 0 1 0 0 1 0 2 0 0 0 1 0 2 0 1 1 2 1 0 0 2 0 0 
0 2 2 0 0 0 2 0 0 0 2 0 0 0 0 0 1 2 0 0 0 0 0 0 2 0 2 0 1 2 0 0 2 0 0 1 1 0 0 2 0 0 0 1 0 2 1 1 0 0 2 2 0 0 0 0 2 0 1 2 
1 0 0 0 0 0 0 0 0 0 1 1 1 1 2 2 0 2 0 2 0 2 0 0 0 0 2 2 1 0 0 1 2 0 2 0 2 1 0 1 0 0 0 0 2 2 2 0 0 1 2 0 0 2 0 2 0 0 0 1 
0 2 0 0 0 2 2 2 0 0 0 1 0 0 2 0 0 0 2 0 0 0 0 1 0 0 1 0 2 2 2 1 2 0 1 0 0 1 0 0 0 0 2 2 2 0 0 1 2 2 0 2 0 2 0 1 2 0 0 0 

Iteración 50 - Representación de la matriz:
0 2 2 0 0 2 2 2 0 0 0 0 0 1 1 0 0 1 1 0 0 2 0 0 0 2 0 0 2 2 2 2 0 0 1 0 2 2 0 0 1 0 1 0 1 1 0 1 0 0 2 0 0 0 2 0 0 2 2 2 
0 2 0 0 0 0 0 0 0 1 0 0 1 0 0 0 0 0 1 0 0 0 0 0 0 0 0 2 0 2 0 1 0 0 1 0 2 2 2 0 0 2 0 0 1 2 2 2 1 1 2 0 0 2 0 0 2 0 0 0 
0 2 2 0 2 2 0 2 1 0 2 0 0 1 0 0 0 1 0 2 0 2 0 0 2 0 2 2 0 0 2 0 0 2 1 0 0 0 1 0 0 2 2 0 0 2 0 0 0 0 0 0 1 2 0 1 0 0 0 0 
1 2 2 1 1 0 0 1 0 1 2 1 0 0 2 0 0 0 0 0 1 0 2 0 0 2 2 1 1 2 2 0 2 0 0 1 0 0 1 0 0 2 0 0 0 0 0 2 2 1 0 0 0 2 0 0 2 2 0 1 
1 0 0 1 1 0 1 2 0 0 2 0 1 0 2 0 1 0 0 2 2 2 1 1 2 0 0 1 2 0 1 2 0 0 1 2 2 2 0 2 0 0 1 0 0 2 0 1 2 0 0 0 1 0 0 2 1 2 0 1 
0 2 0 0 0 0 1 0 0 0 0 0 0 1 2 1 0 2 1 1 0 0 0 0 1 0 2 0 2 1 0 2 1 0 0 2 2 1 1 0 2 0 0 2 0 0 2 1 1 1 0 2 0 0 0 0 0 0 2 2 
1 0 2 1 0 0 2 0 0 0 0 1 0 0 1 2 0 0 0 0 2 0 0 0 1 2 2 1 0 2 2 0 1 0 2 2 0 0 0 1 0 1 0 0 2 1 0 2 0 2 1 0 0 0 0 0 0 1 2 1 
0 0 1 0 2 1 0 0 2 0 1 0 0 0 2 2 0 2 2 2 0 0 1 0 1 0 1 0 2 0 1 0 0 0 0 0 0 2 0 2 0 2 0 0 0 1 0 2 0 0 2 0 1 0 0 0 2 0 2 1 
0 0 1 2 1 0 0 2 0 2 1 0 0 2 1 2 0 0 0 0 1 0 0 0 1 2 2 2 2 1 2 0 1 0 0 0 2 0 0 1 0 0 1 1 0 1 0 1 0 2 1 0 0 0 0 0 1 2 0 0 
0 0 0 0 0 0 2 2 0 0 2 2 0 0 0 0 0 1 0 0 1 0 0 0 0 1 0 1 2 2 0 1 2 0 2 0 1 0 0 2 1 0 2 1 1 0 0 2 0 0 0 1 2 1 0 0 0 2 1 0 
2 1 1 0 0 0 1 1 0 2 1 2 2 1 0 0 0 0 1 0 0 0 0 1 2 2 2 0 0 2 2 2 0 1 1 0 1 0 1 0 0 0 0 2 0 0 2 0 0 0 0 1 0 0 1 0 1 0 0 0 
1 0 0 0 0 0 2 0 0 1 1 0 1 0 0 0 0 1 2 2 2 1 1 1 1 0 1 0 2 0 2 0 0 1 0 2 0 2 1 0 0 2 1 0 1 0 1 0 2 1 0 1 0 0 1 0 1 0 0 0 
0 1 2 2 0 1 0 0 2 1 0 0 2 0 0 0 0 0 1 0 0 1 1 1 0 0 0 1 1 0 0 2 2 0 1 0 2 0 1 1 0 0 0 0 2 0 1 1 0 0 0 0 2 0 0 2 0 0 1 0 
0 2 0 0 0 0 2 2 0 0 2 0 1 1 0 0 1 2 0 1 0 1 1 0 0 0 2 0 0 1 2 2 0 0 0 2 2 0 1 0 0 0 1 0 1 1 0 1 2 0 0 0 0 2 2 0 0 1 0 1 
2 2 2 2 1 0 1 0 1 0 1 0 0 0 0 2 1 1 2 2 1 0 0 2 2 0 0 2 2 0 2 2 2 1 0 1 0 1 1 0 0 0 0 1 2 0 0 1 0 0 1 1 0 0 0 0 0 0 0 0 
2 0 2 2 2 1 1 0 2 2 1 2 1 0 0 0 0 0 0 2 1 0 0 1 0 2 0 0 0 0 1 0 0 2 0 0 1 0 2 1 0 2 0 2 0 0 2 0 0 0 0 0 1 2 2 2 2 1 0 0 
2 0 0 0 0 0 2 0 0 0 2 2 0 1 0 1 2 2 0 2 0 1 1 0 0 2 0 0 0 0 1 2 2 2 0 0 2 0 1 1 0 1 0 0 0 0 0 2 2 0 0 0 0 0 0 1 1 2 2 0 
1 0 2 0 0 2 0 1 2 1 2 0 1 2 0 1 0 0 2 2 0 0 0 2 2 0 2 0 0 2 1 0 1 0 0 1 2 1 1 0 0 2 2 1 0 0 0 0 0 1 0 0 0 2 0 0 1 0 0 1 
0 1 0 0 2 0 0 2 0 0 0 2 2 2 0 2 0 1 0 0 0 0 1 2 0 0 0 2 0 0 1 1 2 0 0 0 0 1 1 0 0 2 0 0 1 2 0 1 0 2 0 0 0 0 0 2 2 0 2 0 
0 0 1 0 0 0 0 0 1 0 2 2 2 0 0 0 0 0 0 0 0 1 2 1 1 0 0 0 0 0 0 0 0 2 0 2 0 0 0 0 2 0 2 2 0 0 0 0 0 1 0 0 0 0 0 2 2 0 0 1 
0 2 0 1 2 0 0 0 1 2 0 0 0 1 1 2 1 2 0 0 2 0 0 0 0 1 0 0 0 0 1 0 0 0 1 0 2 0 0 2 1 0 0 0 2 1 0 2 0 1 1 0 0 0 2 0 2 0 1 0 
0 0 0 0 0 2 0 0 2 1 0 0 0 0 1 0 0 1 0 2 0 2 2 0 2 0 2 0 2 1 2 2 2 0 2 2 2 2 2 2 0 0 0 0 0 2 0 0 1 0 2 2 1 2 0 0 1 2 0 0 
0 1 0 0 0 0 0 0 2 2 0 2 0 0 2 2 0 1 2 1 0 2 1 2 0 1 0 0 0 0 0 0 2 0 0 0 2 0 2 1 0 0 1 0 2 2 0 2 1 2 0 2 0 0 0 0 1 0 0 1 
1 0 0 0 0 0 1 2 2 0 1 0 0 0 0 0 1 2 2 0 0 0 0 1 0 0 2 1 0 2 2 0 1 0 0 2 1 0 1 1 0 1 0 0 0 1 0 2 0 0 0 2 0 1 0 0 1 1 0 1 
0 2 1 2 0 0 2 0 0 1 2 2 0 0 0 2 1 0 0 0 0 0 0 0 0 2 0 2 0 0 0 2 2 2 1 0 0 0 0 0 2 0 0 0 2 1 0 0 0 2 0 2 2 0 0 2 1 0 0 2 
0 0 0 1 0 0 0 0 0 2 0 0 0 1 0 2 2 0 0 1 2 1 0 0 0 0 1 0 2 2 2 0 0 0 1 0 0 0 0 1 0 0 1 0 0 0 0 0 2 2 1 2 0 0 2 2 0 1 1 0 
0 0 0 0 2 2 1 2 0 0 0 0 2 2 1 0 1 2 0 2 0 2 0 0 0 0 0 0 2 1 1 0 1 2 2 1 0 2 1 2 0 2 2 1 1 0 2 2 1 0 0 2 2 0 1 0 0 0 0 0 
2 2 2 0 1 0 0 0 2 0 1 0 0 2 0 0 0 2 2 2 0 1 2 1 0 0 2 0 0 1 0 1 2 1 2 0 0 0 2 0 2 1 2 0 0 0 1 0 0 0 1 2 2 2 1 2 0 1 1 1 
2 0 1 0 0 1 2 1 2 2 0 0 1 2 0 0 0 0 0 1 0 2 1 0 0 2 2 2 0 0 0 2 1 0 2 0 0 0 2 0 2 2 1 2 2 1 2 0 0 0 0 1 1 1 1 2 2 2 0 1 
2 2 2 2 2 2 0 0 1 2 0 0 0 1 0 0 0 1 1 2 2 0 1 0 1 1 1 0 0 0 1 1 1 1 0 1 2 0 0 2 0 0 0 2 0 0 2 1 2 1 2 0 0 0 0 1 2 0 0 0 
1 0 0 0 1 2 0 2 0 2 0 0 2 0 0 2 1 1 2 0 1 2 0 2 0 0 0 1 2 0 2 1 2 1 2 0 0 0 0 2 0 0 0 2 0 0 0 2 0 0 2 2 0 0 0 0 1 0 2 2 
0 1 0 0 0 0 0 0 0 2 1 0 0 2 2 0 0 0 2 0 2 0 2 0 2 2 0 0 1 0 1 1 0 0 0 0 0 1 0 2 2 2 2 0 0 0 0 2 0 0 0 0 0 0 1 2 0 2 0 0 
2 2 1 2 0 2 0 1 0 0 0 1 0 0 0 1 0 0 0 1 0 2 0 0 2 2 1 1 0 0 0 0 0 0 1 0 0 2 0 1 0 1 0 2 0 0 0 0 0 1 1 1 0 1 2 0 2 1 2 2 
0 0 1 0 2 0 0 0 0 0 0 1 2 1 1 2 2 0 0 0 0 0 2 0 0 1 0 1 0 1 0 0 0 0 1 0 0 0 0 0 0 0 0 2 0 2 0 1 2 1 0 2 0 0 0 0 1 0 1 0 
1 1 2 2 2 0 2 2 2 2 1 0 2 0 0 0 1 2 0 0 0 2 0 0 0 2 0 0 0 0 0 0 1 0 1 2 0 2 0 2 0 0 1 2 1 0 0 0 2 0 0 1 2 0 0 1 2 0 2 0 
0 2 1 0 0 2 1 2 2 0 2 0 2 0 1 0 2 2 0 0 2 2 0 0 2 1 1 0 0 2 2 1 1 0 0 0 2 0 1 0 0 0 1 0 2 0 2 0 2 0 2 2 1 0 0 0 2 0 1 2 
0 0 0 2 2 0 0 1 0 0 2 0 0 0 0 2 0 0 0 0 1 2 0 2 0 0 0 2 0 1 2 0 0 2 0 0 0 1 1 0 0 1 0 0 0 2 2 2 0 0 0 2 0 1 2 0 0 2 0 1 
2 1 0 0 0 1 0 0 0 0 1 0 0 0 0 1 1 2 0 0 0 0 0 2 0 0 0 0 0 0 2 0 0 0 0 2 0 2 1 0 1 2 0 0 2 2 0 0 0 1 1 0 0 0 0 2 0 2 0 0 
2 1 0 0 1 0 0 0 0 0 1 1 1 1 2 0 0 2 1 2 0 2 2 2 2 0 2 2 2 2 0 0 2 2 1 2 0 0 0 0 0 0 0 0 0 1 0 0 0 2 0 2 1 0 0 1 2 0 0 0 
0 0 1 1 1 2 0 2 2 2 0 1 0 2 0 2 0 2 0 0 0 1 0 0 2 0 2 0 0 0 2 2 0 1 2 1 2 0 2 0 0 1 0 0 2 0 0 1 0 0 1 2 2 1 1 1 0 1 0 0 
0 0 0 0 0 1 2 0 0 0 1 0 0 2 1 0 0 1 0 2 0 2 0 0 0 1 1 2 0 0 0 0 2 2 0 0 0 0 2 2 0 0 0 0 1 0 0 1 0 0 0 2 2 1 0 2 2 0 0 0 
0 2 2 0 0 1 1 0 0 0 1 0 2 0 2 0 0 0 0 0 1 1 2 1 2 2 2 2 1 2 1 2 0 0 0 0 2 0 1 0 2 2 0 1 0 2 0 2 1 1 0 0 0 1 1 2 0 0 1 2 
1 0 0 0 2 0 0 0 1 0 0 0 0 2 2 0 2 2 0 1 0 1 2 2 1 1 0 0 0 2 0 2 2 0 1 0 0 0 0 1 2 0 0 0 0 1 1 0 1 0 0 0 2 0 2 1 2 0 0 0 
0 0 0 2 0 1 2 0 1 0 0 0 0 0 2 0 2 0 0 2 1 1 1 2 1 0 1 0 0 0 2 2 0 0 0 0 0 0 0 0 0 0 2 0 0 2 0 0 1 1 2 2 0 0 0 0 0 0 2 0 
2 1 0 0 0 2 0 1 2 0 2 2 1 1 0 1 0 0 0 0 0 2 1 0 2 0 0 0 1 0 1 1 2 0 1 0 2 0 1 2 2 2 0 0 0 0 1 0 2 0 0 2 0 2 0 2 0 2 0 1 
0 1 0 2 0 0 1 0 0 0 0 0 1 0 1 0 2 1 1 0 1 1 0 2 0 2 1 0 2 0 0 0 2 0 2 0 2 0 0 1 1 2 1 0 0 2 1 0 2 0 2 1 2 1 1 1 0 0 0 0 
0 2 0 2 2 0 2 0 0 1 2 0 0 0 2 0 2 0 0 1 2 0 0 0 0 2 1 0 0 1 2 0 0 0 1 2 1 0 1 2 1 1 0 0 2 2 0 2 0 0 0 2 2 2 1 0 0 1 0 0 
2 2 2 2 0 1 1 1 2 0 0 2 1 2 0 0 1 2 0 0 0 1 1 0 0 1 2 2 0 0 0 0 0 1 0 1 0 0 0 2 0 1 1 2 1 2 2 0 1 2 2 2 0 1 0 2 0 2 0 2 
1 0 1 2 0 2 1 0 0 2 0 0 0 2 2 0 2 0 0 0 2 1 2 0 1 1 0 1 0 0 1 0 1 2 0 0 0 0 0 0 1 0 1 1 0 0 0 0 0 0 0 0 0 1 1 0 0 2 0 2 
1 0 2 0 2 0 0 2 0 0 2 1 0 2 2 2 0 0 0 0 0 0 2 2 0 1 0 0 0 1 0 2 2 0 0 2 1 1 2 0 0 1 0 0 2 0 0 0 0 0 2 0 2 0 2 0 2 1 2 1 
0 0 2 0 0 0 2 0 2 2 0 0 0 0 0 2 0 2 0 2 1 1 0 0 0 0 0 0 0 2 0 0 2 1 0 0 0 0 0 0 2 0 1 0 0 0 0 0 0 0 2 2 2 0 2 2 1 2 1 0 
1 2 0 2 2 0 0 1 2 2 2 2 0 0 2 2 1 0 0 2 0 2 0 0 0 0 0 1 1 0 1 1 0 0 1 1 0 0 0 2 0 0 0 0 2 2 0 0 0 0 2 0 0 1 2 2 0 2 2 2 
0 0 2 0 0 0 0 0 0 0 1 0 0 2 2 0 2 0 0 0 2 0 2 1 1 0 2 0 1 2 0 0 1 2 0 2 2 1 0 2 0 0 0 2 0 1 2 0 0 0 2 0 2 0 1 2 0 0 0 0 
0 0 0 0 1 0 2 0 0 2 1 2 1 0 0 2 0 1 2 0 2 0 0 2 1 2 0 2 2 0 0 2 0 0 0 1 0 1 1 2 2 2 0 1 2 2 2 1 0 0 0 0 0 0 2 1 0 0 1 2 
0 0 2 0 0 2 1 0 2 0 0 1 1 1 1 0 1 0 1 0 0 1 1 0 1 0 0 0 0 0 1 1 0 0 0 0 0 0 0 0 2 0 2 2 2 0 1 0 0 2 0 2 0 2 0 2 1 2 0 2 
2 2 0 2 2 0 2 2 0 2 1 0 2 1 2 2 1 0 0 2 0 0 2 2 0 2 0 0 2 1 1 0 1 0 0 1 1 0 0 0 0 0 0 0 0 0 2 0 0 1 0 2 2 0 0 0 0 0 0 1 
0 0 0 2 0 0 0 1 1 0 1 2 2 1 0 2 1 0 2 0 0 0 0 1 0 1 2 1 2 1 1 1 0 0 2 0 0 0 0 2 2 0 2 0 0 1 0 1 0 2 0 2 0 2 0 0 1 0 0 0 
2 0 0 1 2 0 2 0 2 0 0 1 0 0 0 0 0 0 1 2 0 0 0 1 0 1 2 0 0 2 0 0 0 1 0 2 1 2 1 0 0 0 1 2 2 0 2 2 1 0 0 0 2 1 0 0 2 2 2 2 
1 2 2 1 0 1 2 1 0 0 0 0 0 2 0 0 0 0 1 0 2 0 2 0 0 2 0 0 0 0 0 0 1 0 0 0 0 1 0 0 0 0 1 0 0 1 1 2 2 2 2 0 2 2 2 0 0 2 2 2 
2 0 0 2 0 0 2 1 0 0 0 2 1 1 1 0 0 0 0 1 0 1 1 0 2 0 0 2 0 1 0 2 1 0 0 0 2 0 0 2 0 0 1 0 2 2 1 2 0 0 0 1 0 2 2 1 0 0 2 0 

Iteración 60 - Representación de la matriz:
1 0 1 1 1 1 0 0 1 0 0 0 2 2 2 2 0 1 0 2 1 0 0 1 0 0 0 1 2 1 0 0 0 1 2 0 2 0 0 0 0 0 0 1 0 1 0 2 0 1 0 2 2 2 0 2 2 0 2 0 
0 0 0 1 2 1 2 0 0 2 0 0 2 0 1 0 0 2 2 1 0 2 0 2 0 0 1 2 2 2 0 2 1 0 2 2 0 1 1 0 0 0 1 2 2 0 2 1 0 1 0 2 1 0 1 0 0 2 0 0 
0 2 1 0 0 1 1 0 2 0 0 0 0 1 1 2 0 1 2 0 1 1 0 2 1 0 0 1 2 2 2 0 0 1 0 1 0 1 0 0 0 0 0 0 1 2 2 2 0 0 0 1 1 2 2 0 0 0 0 2 
0 0 0 0 0 0 0 0 2 1 2 0 0 0 1 2 0 1 1 0 1 1 0 0 0 0 2 2 2 0 1 1 0 1 2 0 0 2 0 1 1 2 0 2 2 2 2 0 0 2 2 2 0 0 0 1 0 0 2 0 
0 0 0 0 0 0 0 0 0 0 0 1 1 2 2 0 2 0 0 0 0 2 2 2 0 0 0 1 0 1 0 1 0 2 0 1 0 0 0 1 1 0 0 0 2 2 0 1 0 0 1 0 1 1 0 0 2 0 0 2 
1 1 0 0 0 0 0 0 1 2 0 2 0 0 2 0 2 0 1 1 2 2 2 2 0 0 0 0 0 0 1 2 0 2 0 1 2 0 0 0 0 2 0 0 2 0 2 0 2 0 2 0 0 0 1 0 0 0 0 2 
0 2 0 0 0 0 0 1 2 2 0 1 2 0 1 0 0 2 0 1 0 0 0 0 0 2 0 0 0 0 0 1 0 0 1 1 2 0 0 2 1 2 1 0 0 0 0 0 0 2 2 2 0 2 0 1 0 0 2 1 
0 0 0 0 0 0 2 0 0 2 1 1 2 1 0 0 0 2 1 2 2 0 0 0 1 1 0 2 0 1 1 2 1 0 0 2 0 1 1 0 1 0 2 0 2 0 0 2 0 0 0 2 1 2 0 1 0 0 0 0 
0 2 0 0 0 0 2 2 0 2 2 0 2 0 0 1 0 0 0 2 1 2 2 0 2 2 1 2 0 0 1 0 2 2 1 2 0 2 0 0 1 0 0 2 0 2 0 0 0 0 0 2 0 0 0 2 1 0 0 0 
0 0 1 0 1 1 0 2 1 1 0 0 0 2 1 0 0 2 0 2 0 0 2 0 2 0 2 2 2 2 0 1 2 0 0 1 1 0 0 2 0 2 1 0 1 2 0 1 0 1 1 1 0 0 2 1 0 2 0 1 
1 0 2 2 2 0 1 0 2 0 0 0 0 1 1 2 2 0 0 0 0 1 0 2 2 1 1 0 2 0 0 1 0 0 0 0 0 0 0 2 0 2 2 0 0 2 0 1 0 0 0 0 1 0 0 1 0 2 0 2 
2 2 0 0 2 0 1 0 0 2 2 0 0 2 2 0 1 2 0 1 0 0 2 2 0 0 0 1 0 0 0 2 1 0 0 0 0 0 1 0 0 2 0 1 0 2 0 2 1 0 0 0 2 1 2 0 2 0 0 0 
0 0 0 2 0 2 1 2 0 0 0 0 1 1 0 1 0 1 0 2 2 1 0 0 1 0 0 0 2 0 0 0 0 0 0 1 1 1 0 0 0 2 0 0 0 0 2 2 0 2 0 0 1 0 2 0 2 1 0 1 
0 0 1 2 0 0 0 0 0 2 1 1 0 0 0 0 0 0 0 0 1 0 0 0 2 0 0 0 1 0 0 2 0 2 1 0 0 2 2 0 1 1 0 0 0 2 0 1 0 2 1 0 1 2 2 1 0 0 0 1 
2 0 2 0 0 1 2 2 0 1 0 2 2 1 0 0 0 1 0 0 1 0 1 1 1 2 0 0 1 0 0 1 0 0 1 2 1 2 0 0 1 0 0 1 0 1 0 2 2 2 0 2 2 2 1 1 0 1 2 0 
2 2 0 1 0 0 2 0 1 1 0 0 1 1 2 2 0 0 2 0 0 0 1 0 0 2 2 1 0 0 0 2 1 2 2 1 0 0 0 0 0 0 0 1 0 0 2 2 0 1 0 2 0 0 0 1 0 1 0 1 
2 1 2 0 2 0 0 1 0 0 1 2 0 0 2 0 0 0 1 0 0 1 0 0 0 0 0 2 1 2 0 0 0 2 2 2 2 0 2 0 0 0 2 2 0 0 2 2 1 1 0 0 0 1 0 0 2 1 0 0 
2 0 0 2 2 0 0 0 0 0 2 1 0 0 0 1 0 0 2 2 1 2 0 0 0 2 2 1 0 1 0 2 2 2 0 2 2 0 2 0 0 0 0 0 1 2 0 0 0 0 2 2 1 1 0 0 2 0 0 2 
0 2 0 2 0 1 1 0 2 0 0 2 1 0 0 1 0 0 0 0 2 0 0 0 2 2 2 1 0 0 0 0 1 0 0 2 0 1 0 0 0 2 0 0 2 0 2 0 0 1 0 0 2 0 2 2 2 0 2 0 
1 0 1 0 0 2 1 0 0 0 1 0 2 0 0 1 2 0 0 2 0 0 2 2 0 0 2 1 0 2 0 0 1 1 0 1 0 0 2 2 0 2 0 0 0 1 0 0 0 0 2 2 0 2 1 0 0 0 0 0 
2 0 1 2 0 0 0 0 2 0 1 2 0 0 0 0 0 0 0 0 2 0 0 0 0 2 0 0 2 2 0 2 1 0 0 0 2 0 0 0 0 0 1 0 2 0 0 1 0 0 0 0 1 1 0 0 1 2 0 0 
2 1 1 1 0 0 2 0 0 0 0 0 2 2 2 0 2 0 0 2 1 2 0 0 0 0 0 0 0 2 2 0 1 2 2 0 0 2 1 0 2 0 1 2 0 2 2 1 1 1 2 0 0 0 0 1 0 1 0 2 
0 1 2 1 0 2 0 0 2 0 0 0 0 1 2 0 1 0 0 2 0 0 2 1 1 1 0 0 0 0 0 0 0 2 2 2 2 0 0 0 1 1 0 2 0 2 0 1 0 0 0 0 0 1 2 0 0 0 0 1 
2 0 0 1 0 2 0 2 0 0 1 0 0 0 1 0 2 0 1 0 1 0 0 2 0 1 0 1 0 0 0 0 1 1 0 2 0 0 0 0 2 0 1 1 0 1 2 0 0 1 0 0 0 0 0 0 0 0 0 1 
0 0 2 0 0 0 2 2 0 1 2 2 0 0 0 1 2 1 0 0 0 0 1 0 1 0 0 0 2 2 2 2 0 0 1 0 0 0 2 0 0 0 0 2 2 0 0 0 0 0 0 1 0 2 0 0 0 2 2 0 
2 0 2 1 2 0 0 0 1 0 2 0 2 0 2 0 0 0 1 0 0 2 0 2 0 0 2 2 0 2 0 0 0 1 1 0 0 1 1 2 0 0 0 1 0 0 2 0 0 0 0 2 2 2 0 2 0 0 2 1 
0 0 0 1 2 2 2 0 2 0 0 0 0 1 0 0 1 0 0 0 2 1 0 0 0 2 2 1 1 1 0 0 2 0 2 0 0 2 2 0 0 0 2 1 0 2 1 2 0 2 1 0 0 0 0 0 0 2 2 0 
2 0 0 0 1 2 0 0 0 0 1 0 0 0 1 0 2 0 1 1 0 2 2 0 1 0 1 0 0 1 1 2 1 0 0 0 0 1 2 1 0 0 1 0 0 0 0 0 2 2 0 1 1 1 0 0 0 1 2 2 
2 0 1 0 1 0 0 0 0 0 0 1 0 0 0 0 0 0 1 0 1 2 2 0 1 1 1 1 0 0 1 0 0 0 0 1 0 1 0 0 0 0 1 0 0 0 0 0 0 2 0 0 0 0 0 1 2 1 0 0 
1 0 0 1 2 1 0 0 1 0 0 2 2 2 2 0 1 1 2 2 2 0 0 0 0 2 0 0 1 2 2 0 0 0 2 0 2 2 1 1 0 0 1 0 2 1 0 0 0 2 2 0 1 0 0 1 1 2 2 2 
0 0 1 2 2 0 0 0 2 1 0 2 0 2 0 1 2 2 0 2 2 0 0 0 0 1 2 0 0 0 1 0 2 0 0 1 0 0 0 0 0 0 2 0 0 0 2 0 0 1 0 1 0 1 0 0 0 2 1 0 
0 0 0 1 1 2 0 0 1 2 0 0 0 0 0 1 1 0 1 1 1 2 1 2 1 2 0 1 2 2 1 0 2 2 1 1 0 1 2 1 0 0 1 1 2 0 0 2 1 2 0 1 2 2 0 0 0 2 0 1 
0 1 1 1 2 0 1 1 0 0 1 0 2 0 0 0 0 1 0 0 2 0 1 0 0 0 1 2 1 0 2 0 0 0 0 2 2 0 0 0 2 2 0 2 1 0 0 2 2 0 0 2 0 0 0 1 0 0 1 0 
2 0 2 0 0 2 0 1 2 0 0 0 0 0 2 1 0 0 0 2 2 1 0 0 0 1 2 0 0 0 1 1 2 2 0 1 2 2 0 1 2 0 0 1 1 2 0 1 2 1 1 1 0 0 2 0 0 2 2 1 
2 0 0 0 0 1 0 0 0 0 0 0 0 1 1 0 0 2 0 1 0 0 0 0 1 1 0 0 0 2 0 2 0 2 1 0 0 2 2 0 1 2 2 0 1 2 0 2 0 2 1 1 1 1 1 0 1 2 0 0 
0 0 0 2 1 2 0 2 0 2 2 1 1 0 2 0 2 0 0 2 0 1 1 0 1 0 0 0 0 0 1 0 0 1 1 0 0 0 2 0 1 0 0 0 0 0 0 0 2 2 2 1 2 1 1 2 0 0 0 2 
2 0 0 0 0 0 2 0 0 1 1 2 2 1 0 2 0 0 1 2 0 1 0 0 0 2 0 2 2 0 2 2 0 0 0 1 0 1 0 0 1 0 0 1 2 1 0 2 1 2 2 0 0 2 0 1 0 2 2 0 
0 0 0 0 0 0 0 0 0 2 0 2 1 2 2 0 0 0 2 1 0 0 1 1 0 0 1 1 2 0 2 0 2 2 0 1 0 2 2 0 2 0 0 0 2 0 0 0 0 0 2 0 0 0 2 1 0 0 0 0 
1 2 2 0 0 2 2 0 1 0 0 1 2 0 0 0 0 0 0 1 0 0 2 0 0 0 0 1 1 2 0 2 0 1 1 2 0 2 0 0 2 0 0 1 0 0 2 2 1 1 0 0 0 0 0 0 0 2 0 0 
0 1 0 2 1 0 1 0 1 0 0 1 0 1 0 0 1 2 0 2 1 1 1 0 0 1 2 0 0 2 1 0 0 2 0 0 2 2 0 0 0 1 0 0 0 2 0 0 2 2 0 0 1 1 0 2 2 2 2 0 
1 1 2 0 1 0 0 0 0 0 0 0 2 1 2 0 0 0 1 0 0 0 0 1 2 2 0 0 0 0 0 1 0 0 2 0 1 0 0 0 2 2 0 2 0 1 0 0 0 1 2 1 0 0 0 2 2 0 1 0 
1 0 0 2 0 2 0 0 0 2 2 0 0 0 0 0 0 1 0 2 0 0 1 0 2 1 0 0 0 2 1 0 0 1 0 0 0 0 0 0 0 0 0 0 2 2 0 0 1 2 2 0 1 0 0 1 2 2 2 2 
1 0 2 0 0 1 0 0 2 1 2 0 0 2 1 0 0 2 0 0 2 2 0 0 0 1 0 2 0 0 0 2 0 0 0 0 0 0 1 0 0 0 0 0 0 2 2 0 0 0 1 0 0 0 0 0 1 0 2 2 
0 1 0 1 2 1 2 0 2 0 0 0 0 0 2 1 1 0 0 0 2 1 0 0 0 1 0 0 1 0 0 0 0 0 0 0 1 1 0 2 0 2 0 2 0 1 0 1 0 0 2 0 1 2 1 2 2 2 0 0 
2 1 0 0 0 0 0 1 1 1 2 1 2 1 1 0 0 0 0 0 0 1 2 0 0 0 0 0 0 0 1 0 0 0 2 0 0 0 0 0 0 0 0 0 0 0 0 1 2 1 2 0 1 0 0 2 0 0 2 1 
2 0 1 0 0 0 1 0 2 0 0 0 0 0 0 0 2 2 0 0 2 0 2 1 1 0 0 0 0 1 2 2 0 0 0 0 2 2 2 0 2 0 1 0 0 1 0 2 0 0 2 0 0 2 1 0 1 0 0 0 
0 2 0 1 2 0 0 1 2 0 2 0 0 0 0 2 1 0 0 0 1 1 0 2 2 2 0 1 0 0 0 0 0 1 0 2 1 0 0 2 2 0 0 0 2 1 2 2 0 2 0 0 0 2 1 0 0 0 2 2 
1 0 0 0 0 0 2 1 1 1 0 0 0 1 0 0 2 0 0 0 1 2 2 2 0 0 0 1 2 2 0 0 0 0 2 1 0 0 1 0 0 2 0 2 2 2 0 1 0 1 0 0 0 1 0 0 1 0 1 0 
0 0 2 1 0 1 0 2 0 2 0 0 0 0 2 2 0 1 2 0 0 0 2 0 2 2 2 2 0 0 0 1 0 0 0 0 0 0 0 0 0 0 2 2 0 2 1 0 2 0 0 0 0 0 0 0 1 0 0 0 
1 0 1 0 0 0 2 0 0 0 0 1 1 1 0 2 1 0 0 0 0 0 0 0 0 0 0 0 0 0 0 0 0 2 0 0 2 1 0 0 0 2 0 2 2 2 0 1 0 2 1 2 2 2 0 1 0 2 2 1 
1 0 0 0 0 1 2 1 0 0 0 1 0 0 2 1 0 0 2 0 0 0 1 0 2 1 0 2 0 0 0 2 0 2 0 0 2 2 0 2 2 1 1 0 1 2 0 0 0 0 2 2 0 2 0 0 0 2 1 0 
0 2 0 2 1 0 1 1 0 0 0 1 0 2 2 1 0 1 0 0 0 0 0 0 2 0 0 2 1 2 1 0 2 0 2 0 0 1 2 0 1 2 0 0 0 0 0 1 2 2 1 0 0 0 0 2 0 2 2 1 
1 0 1 1 0 0 0 2 1 0 2 2 0 1 1 2 1 0 0 0 0 0 1 0 0 2 0 0 0 0 2 0 2 0 2 0 0 1 2 0 0 1 0 0 1 1 1 0 0 1 2 0 2 0 2 2 2 0 1 2 
2 0 0 2 0 0 0 0 1 0 2 2 0 1 2 0 2 0 0 2 2 0 0 0 0 1 2 0 0 1 0 1 1 0 0 0 0 0 0 0 2 0 0 0 2 2 0 1 1 2 2 1 2 2 1 1 0 2 1 0 
0 1 0 0 1 1 0 1 0 1 0 2 0 0 0 1 1 0 0 1 0 1 2 0 2 1 1 0 2 0 0 0 0 1 0 2 2 2 0 0 0 0 0 0 2 0 0 2 0 0 0 2 0 0 1 2 2 1 2 2 
0 1 0 2 0 0 2 1 2 0 1 0 0 0 1 2 2 0 0 0 2 0 0 1 0 0 1 2 2 0 2 2 0 0 1 0 0 1 0 0 0 0 1 0 0 1 0 0 2 2 2 2 1 2 0 0 0 2 2 0 
2 0 2 1 0 1 1 2 2 0 0 0 0 0 1 1 0 2 1 0 0 0 1 2 2 0 0 2 1 0 1 0 0 0 0 0 1 0 1 0 2 0 0 0 0 0 0 0 0 0 2 0 2 0 2 1 2 2 2 1 
0 0 0 0 0 1 2 2 2 2 2 1 2 0 1 2 0 0 0 0 2 0 2 1 2 2 0 0 0 0 1 2 0 0 2 2 0 2 0 0 0 1 0 0 2 2 0 0 2 1 0 2 0 1 2 0 1 0 0 0 
0 2 2 2 0 0 1 2 1 0 0 1 1 2 0 0 0 1 0 0 2 2 0 0 0 1 0 0 0 0 2 0 0 0 0 0 1 2 0 0 0 0 2 2 2 0 0 2 0 0 0 0 0 0 2 2 2 1 1 0 
0 1 1 1 0 2 0 2 1 0 2 0 2 1 0 0 0 0 0 1 0 0 0 2 0 0 0 0 1 1 0 0 2 1 0 2 1 1 0 2 0 1 0 0 2 0 2 0 1 1 0 2 0 0 0 0 1 0 0 0 

Iteración 70 - Representación de la matriz:
0 0 0 2 0 0 0 0 0 2 1 1 2 2 1 0 2 0 0 2 0 0 1 0 1 1 0 0 0 1 0 1 2 0 2 0 1 2 2 0 1 0 0 0 0 0 2 2 2 0 1 1 2 1 1 0 0 0 2 1 
0 1 2 0 0 2 0 2 0 2 2 0 2 0 0 2 0 0 0 0 0 2 0 0 2 1 2 2 1 1 2 0 2 0 0 0 0 0 0 0 0 2 2 2 0 0 1 0 1 0 0 0 2 1 0 2 2 2 0 0 
0 0 1 0 0 1 2 1 0 0 2 0 1 0 0 2 1 2 0 1 0 0 0 0 2 1 2 2 2 2 0 0 0 0 2 2 1 0 2 2 0 0 2 0 1 2 0 2 0 0 0 0 0 0 1 0 0 0 0 0 
1 2 0 0 1 0 0 0 1 0 2 2 2 0 0 0 0 2 0 2 0 0 2 0 2 1 0 0 2 2 2 2 0 0 0 2 1 0 2 2 0 2 2 0 1 0 1 0 0 0 2 1 2 0 0 1 2 2 1 0 
2 2 2 0 0 0 0 0 2 0 0 0 1 2 2 1 1 0 1 1 0 0 0 1 0 1 0 0 2 0 0 0 1 0 2 0 0 2 0 2 0 1 0 0 2 0 2 1 2 0 0 2 0 2 0 0 0 1 2 0 
0 1 1 0 0 0 1 2 1 0 0 0 2 0 1 0 1 0 0 0 0 1 0 1 0 0 0 2 0 1 0 0 0 2 0 0 0 1 1 2 0 0 0 1 0 0 0 1 0 2 0 0 1 2 1 0 1 0 2 0 
1 1 0 0 1 0 0 2 0 0 0 1 0 0 0 0 0 0 2 0 0 1 0 1 1 0 0 0 0 2 2 2 1 2 2 2 1 1 0 0 2 2 1 1 2 2 0 1 2 1 0 0 0 0 0 2 2 1 2 1 
0 1 0 0 0 1 0 2 0 0 0 1 2 0 0 0 1 0 2 0 0 0 2 0 0 2 0 1 0 1 0 1 0 0 1 2 2 2 2 2 0 1 0 2 2 2 0 2 0 1 2 1 0 0 1 0 2 1 1 0 
1 0 2 2 0 0 2 0 2 1 1 0 2 2 1 2 2 0 1 2 0 0 1 0 2 0 1 0 2 2 0 0 2 1 0 0 0 2 2 2 2 0 0 1 0 0 2 2 1 2 2 2 0 0 2 0 2 2 0 0 
0 0 0 0 0 0 0 1 1 1 0 2 0 2 2 2 2 0 1 2 2 0 0 0 0 0 0 2 1 0 0 2 2 1 0 0 2 1 0 2 0 1 2 1 1 0 0 2 0 0 0 1 0 0 2 0 0 2 0 0 
2 0 2 0 0 1 0 0 0 0 2 2 0 0 0 2 0 0 1 2 2 2 0 2 0 0 0 2 0 0 0 0 0 0 0 2 0 0 1 0 2 1 0 0 2 0 0 0 0 2 0 0 2 0 0 0 0 0 0 2 
1 0 2 1 2 0 0 2 0 0 1 1 0 0 1 1 1 0 0 2 0 1 0 1 2 0 2 1 0 0 1 2 0 2 0 1 2 0 2 1 1 0 2 0 0 2 2 0 1 0 2 0 0 2 2 0 0 0 1 0 
1 2 0 0 0 0 0 2 1 2 0 0 0 0 0 0 0 2 2 0 0 1 1 0 0 0 1 0 2 2 0 1 0 1 1 2 0 1 0 2 2 2 0 2 1 0 0 0 1 0 1 0 1 2 0 0 0 0 0 1 
0 1 0 2 0 0 1 1 2 0 2 0 0 2 0 1 0 0 2 0 1 1 0 0 0 0 2 2 0 0 0 2 0 0 1 2 1 1 1 0 0 0 2 2 2 2 1 1 0 0 1 1 0 2 1 2 1 0 1 1 
0 0 1 0 0 0 0 2 1 2 0 0 0 0 0 0 2 0 1 0 2 1 0 0 2 0 1 1 1 0 0 0 0 1 2 1 2 0 0 0 2 1 0 0 0 2 2 2 0 0 0 0 0 1 1 0 0 0 0 0 
2 0 0 1 0 0 1 0 0 0 0 1 2 0 0 0 0 1 1 0 2 1 0 0 0 2 0 2 2 0 2 1 0 0 0 0 0 0 2 0 1 1 2 2 0 2 0 2 0 2 2 0 0 0 1 2 2 2 2 0 
1 0 1 0 0 1 0 0 0 0 0 0 2 0 0 0 1 2 1 1 0 0 1 1 1 0 1 0 0 0 0 2 0 0 2 2 0 2 0 0 0 0 0 0 2 0 0 1 2 1 2 0 1 0 1 2 0 1 2 0 
2 0 0 1 2 2 1 0 0 0 2 0 0 1 1 0 0 0 0 1 1 2 2 2 2 0 0 1 2 0 0 2 1 1 0 0 2 0 0 2 0 2 0 0 1 0 0 1 0 2 0 1 1 0 1 1 1 0 0 0 
0 2 1 2 0 0 0 2 0 2 0 0 0 2 0 1 0 1 0 0 1 0 0 1 0 1 2 2 0 0 2 2 0 0 1 0 0 1 2 2 2 0 2 1 1 0 1 0 1 2 0 1 0 0 0 1 1 0 1 1 
0 1 0 0 0 0 0 0 2 0 1 0 0 2 0 0 0 2 0 0 2 0 0 2 0 1 0 0 1 2 0 0 1 0 0 0 0 0 2 2 1 0 0 1 1 1 1 0 2 0 0 2 0 2 0 0 0 2 0 2 
0 0 0 0 0 0 0 1 2 0 2 0 0 0 1 0 2 1 0 2 1 2 0 0 2 0 2 0 0 0 0 2 2 0 0 1 1 1 2 1 0 0 0 0 2 0 1 0 2 1 1 0 2 0 0 2 0 0 0 0 
0 1 0 0 2 0 2 0 0 1 0 2 1 0 0 2 0 0 2 2 2 0 0 2 1 2 0 2 0 0 0 2 0 0 0 0 0 0 0 1 0 0 0 2 0 2 0 0 0 1 1 0 2 0 2 0 0 0 1 2 
1 0 0 0 1 0 2 0 1 0 0 1 1 0 1 0 0 2 0 0 1 1 2 2 0 2 2 0 0 2 2 0 0 2 2 2 0 0 1 0 1 2 2 2 0 0 0 2 0 1 0 1 1 1 2 0 0 0 0 1 
0 0 1 2 0 2 2 2 0 2 0 0 0 0 0 0 2 2 2 2 1 0 1 0 0 0 0 1 0 1 0 1 2 0 2 0 0 0 2 0 1 1 0 2 0 0 2 2 0 1 2 0 2 2 0 0 0 2 0 2 
2 0 2 1 1 2 1 1 2 1 0 0 0 0 0 0 1 0 0 0 0 0 2 1 1 2 0 0 2 1 2 0 2 1 0 0 0 0 0 1 2 0 0 1 2 1 1 0 1 0 1 1 0 0 0 0 0 1 2 1 
2 2 2 0 0 2 0 0 1 0 0 1 2 0 2 0 2 2 0 1 0 1 0 0 0 1 1 1 2 0 0 0 0 0 1 2 2 0 1 1 1 0 2 0 0 0 1 1 0 0 1 0 0 1 1 0 0 2 0 1 
1 0 2 0 0 2 0 1 2 0 0 0 0 1 0 1 2 0 0 0 2 0 0 2 1 1 1 1 2 2 1 0 1 0 0 2 0 0 2 2 2 2 1 2 2 0 1 0 2 0 1 2 2 0 1 1 0 0 2 2 
0 1 1 1 0 0 2 2 0 0 0 0 0 0 0 0 1 0 2 1 0 0 0 1 0 0 1 0 0 1 0 0 2 0 0 1 2 0 1 2 2 2 2 2 1 0 0 0 0 2 2 0 0 0 0 0 0 0 0 0 
0 0 2 0 1 0 2 1 2 0 0 1 0 0 1 0 1 0 1 0 1 0 0 0 0 1 0 2 0 1 0 0 0 1 0 2 0 0 0 2 0 0 1 0 0 0 1 0 2 0 2 2 1 0 0 0 0 0 0 0 
1 2 2 1 0 0 1 2 0 2 0 2 2 0 1 0 1 1 2 0 0 0 0 2 2 1 0 1 2 0 1 2 0 0 1 0 2 2 1 0 0 1 0 2 0 2 0 0 0 0 0 2 0 2 2 0 0 0 2 2 
0 2 2 0 0 0 1 0 2 0 0 1 2 1 2 2 2 0 2 0 1 0 1 0 2 0 2 2 0 0 2 0 0 2 0 2 0 0 0 1 1 1 0 0 0 2 0 0 2 1 2 0 2 0 2 0 0 1 0 0 
0 2 0 2 2 2 1 0 0 0 0 0 2 0 0 1 0 0 1 0 2 0 2 2 0 2 1 0 0 0 0 0 0 0 0 0 2 1 1 2 0 2 0 1 0 0 1 1 2 1 0 0 0 1 1 0 0 2 0 0 
0 0 2 2 0 0 2 1 1 1 2 1 2 0 0 0 1 1 0 0 0 2 0 2 0 0 0 2 1 2 1 2 2 0 0 0 2 0 0 2 0 0 1 0 2 0 2 0 2 0 1 1 0 1 1 2 0 0 0 0 
0 0 2 0 0 2 0 1 0 0 0 1 1 1 0 1 0 2 0 0 0 0 2 1 1 1 0 1 0 0 0 0 0 0 0 2 0 0 2 2 2 1 1 2 1 1 2 2 1 0 2 0 2 1 2 0 0 2 2 1 
2 2 1 2 0 0 1 1 0 0 0 2 1 0 1 0 2 0 0 0 1 0 0 1 0 1 1 0 0 0 2 0 0 0 2 2 2 0 2 0 0 0 1 0 0 1 0 0 0 1 1 2 0 0 0 2 0 0 2 2 
0 0 2 1 1 0 0 2 2 0 1 1 1 0 2 1 2 0 1 0 2 0 2 0 2 0 0 0 0 0 0 0 0 0 2 1 2 1 0 0 1 1 0 0 1 0 0 0 0 0 2 1 0 1 1 0 1 1 1 0 
2 0 0 1 0 0 0 1 0 0 2 0 0 1 0 2 0 1 0 0 0 0 2 0 0 2 0 2 0 1 0 0 0 2 0 0 2 1 1 2 0 0 2 0 1 0 1 0 1 0 1 0 1 0 0 1 1 0 0 0 
0 0 0 0 2 0 1 1 2 2 0 1 0 1 0 0 0 0 0 1 0 2 0 2 2 0 0 0 0 0 0 0 2 0 2 1 0 0 0 0 1 0 0 0 1 2 2 2 1 2 0 0 0 2 2 2 0 0 0 0 
1 2 0 0 0 0 1 2 0 0 0 0 1 2 0 0 0 0 0 1 0 2 1 0 0 0 2 0 0 1 1 2 2 0 1 0 0 1 0 2 2 2 0 0 2 0 2 2 1 0 2 2 0 1 0 0 2 1 1 1 
2 0 0 2 0 0 0 0 1 0 1 0 2 1 0 0 2 2 0 0 0 0 2 0 2 0 0 0 2 0 0 0 1 2 2 0 1 2 0 0 0 2 1 0 1 2 0 2 1 2 0 2 0 2 1 0 0 2 0 0 
0 2 2 0 2 0 0 2 2 0 2 0 0 0 0 2 2 0 2 2 2 1 0 0 0 1 2 2 1 2 0 0 2 0 1 1 1 0 1 0 0 2 2 1 2 2 0 2 0 0 1 0 0 0 2 2 1 0 1 0 
2 1 1 0 0 1 1 0 0 0 0 0 0 0 0 0 0 2 0 0 0 2 0 0 0 0 2 0 0 0 0 2 0 0 2 2 0 1 0 0 1 0 0 2 2 1 1 0 2 2 0 0 1 0 2 0 0 2 0 0 
0 2 0 0 0 0 0 2 1 2 1 2 2 2 0 0 0 0 2 0 0 2 1 1 2 2 2 2 2 0 0 0 0 0 1 0 1 2 0 0 0 1 0 0 0 0 0 2 1 2 0 0 2 1 2 2 0 2 0 0 
1 0 0 1 0 1 0 0 0 0 0 1 0 0 1 0 2 0 0 1 1 0 0 0 0 1 0 2 0 0 0 0 1 2 2 0 1 0 2 0 2 0 0 0 1 2 0 2 0 0 0 0 0 0 0 0 0 0 1 0 
0 2 0 0 0 0 2 2 2 0 0 2 2 0 0 2 0 0 2 0 2 1 0 1 2 1 1 0 2 0 2 2 0 0 0 0 0 0 0 0 2 0 2 0 1 2 1 2 0 0 0 1 0 0 2 0 1 0 2 0 
2 0 2 0 2 0 0 0 0 1 0 2 0 2 2 0 0 0 0 2 2 1 2 1 2 0 0 0 0 2 2 0 2 2 0 2 0 0 1 2 1 0 2 0 0 1 0 0 1 1 0 1 2 1 2 0 2 0 0 0 
2 1 1 1 1 0 0 0 2 0 1 0 0 0 2 1 0 2 1 2 0 0 0 0 1 0 2 0 1 0 0 0 2 1 0 0 0 0 0 2 0 2 2 0 2 2 1 0 1 0 0 0 0 0 0 2 0 0 1 1 
1 2 0 0 2 2 0 0 1 0 0 1 0 0 0 0 1 0 1 0 1 2 2 0 2 0 0 0 2 0 0 2 0 1 0 2 0 0 1 0 1 1 2 0 2 0 2 0 2 0 2 0 2 2 0 0 2 0 1 0 
1 0 1 2 0 0 2 2 0 0 0 0 0 0 0 0 0 0 1 0 0 2 2 1 0 1 0 0 2 0 2 0 1 1 0 2 0 0 0 1 0 1 2 1 0 1 0 1 0 2 0 0 0 0 2 0 0 0 2 0 
1 2 1 0 1 0 1 0 1 0 0 2 0 0 0 1 0 1 1 2 2 2 0 1 0 2 2 2 1 0 2 0 1 0 0 0 1 0 1 2 2 0 1 0 0 2 0 0 0 0 1 0 0 2 0 1 2 1 2 0 
0 2 0 0 0 1 0 2 0 1 0 1 2 2 0 0 0 1 1 0 0 0 0 0 0 0 0 2 2 1 0 0 0 2 0 0 0 1 1 1 0 0 0 0 1 1 2 0 2 0 2 2 2 1 0 1 0 0 1 0 
0 0 0 1 0 0 0 0 0 2 2 0 0 2 0 0 1 1 2 0 2 0 0 1 0 0 1 2 0 1 0 1 2 2 2 0 2 0 0 1 0 2 1 0 0 1 0 0 1 1 1 2 2 0 1 0 2 0 1 0 
2 0 2 0 2 1 2 1 0 0 0 1 0 0 0 1 2 0 0 0 0 2 1 0 0 0 1 1 0 0 0 2 0 0 0 2 0 2 0 1 2 0 0 2 0 0 0 0 1 0 0 0 0 1 0 0 0 2 2 0 
2 0 1 2 1 0 2 1 1 0 2 0 2 0 1 1 0 2 0 1 2 0 0 0 0 0 0 2 0 0 0 2 0 0 1 0 2 2 0 0 0 1 0 2 2 2 1 2 1 0 0 2 0 0 0 1 0 1 0 0 
0 1 0 0 1 0 0 0 0 2 0 2 0 0 0 2 0 0 0 0 0 0 2 1 2 0 2 1 1 0 1 0 2 2 0 2 0 0 0 0 1 0 2 0 1 1 2 1 2 0 1 0 1 0 2 0 1 1 1 0 
0 0 0 2 0 1 2 0 0 1 0 1 1 0 0 1 1 0 0 2 1 1 1 1 0 0 2 0 1 0 2 0 0 0 0 2 0 0 0 2 1 1 2 2 0 1 0 2 0 0 2 1 2 0 1 0 1 2 2 0 
0 1 2 0 0 2 0 1 1 0 0 2 0 0 2 0 1 0 1 2 0 0 2 0 1 2 0 0 2 0 1 0 1 1 0 0 0 2 1 0 0 1 0 0 0 0 2 0 0 0 0 2 0 1 1 2 0 0 2 2 
1 1 2 0 2 1 0 2 0 1 0 2 2 0 1 2 0 0 0 0 0 2 1 2 0 1 2 1 0 2 0 0 1 2 0 0 1 2 0 0 0 0 2 2 0 0 0 2 1 1 2 0 0 2 1 2 0 0 0 2 
1 0 0 0 1 1 1 1 0 2 2 0 1 2 2 0 0 1 2 2 0 2 1 1 2 1 2 0 2 2 1 0 0 0 0 2 0 2 2 2 2 0 2 0 2 0 1 0 0 0 0 0 0 0 2 0 1 0 0 1 
0 2 2 0 0 0 0 0 0 0 0 0 0 2 0 2 0 0 0 0 0 0 1 0 0 0 0 1 0 0 1 0 1 2 0 0 0 2 0 0 2 0 1 1 2 0 0 0 0 0 0 0 1 2 0 0 0 2 0 2 

Iteración 80 - Representación de la matriz:
0 0 1 2 2 2 0 0 2 1 0 2 1 2 1 2 0 0 0 0 1 2 0 2 2 0 0 2 2 1 0 1 0 0 2 1 0 0 0 0 0 2 0 0 0 2 2 1 0 0 2 1 0 0 0 0 2 2 0 2 
0 2 2 2 0 2 0 1 0 1 1 0 0 0 1 0 2 0 1 0 0 1 1 1 0 2 2 0 0 0 2 1 0 1 0 0 0 1 2 0 1 0 0 0 1 2 1 0 0 0 0 0 0 1 0 2 2 2 0 2 
0 0 1 0 1 2 0 0 2 0 0 1 2 1 2 2 2 0 0 1 2 2 0 2 1 1 2 0 2 0 2 0 2 0 0 2 0 1 0 2 1 2 2 0 0 0 0 0 0 0 0 0 0 1 0 2 0 2 0 0 
0 0 0 2 0 0 2 2 0 0 0 1 0 2 0 0 1 2 0 0 2 0 0 1 0 0 0 0 2 0 0 0 2 0 1 1 1 2 0 0 0 0 2 1 0 1 0 0 2 0 0 0 0 1 1 0 0 0 0 0 
2 0 0 1 1 2 0 0 1 0 0 1 0 2 1 1 0 0 0 0 0 0 0 2 2 0 0 0 0 1 1 0 0 1 0 1 1 0 1 2 0 0 0 2 1 0 0 0 0 2 0 1 0 0 0 0 2 0 1 0 
2 2 0 2 0 2 0 1 0 0 0 0 1 0 2 0 0 2 2 2 0 0 2 1 2 0 1 0 1 2 0 2 1 0 0 0 0 0 0 0 1 0 0 2 0 0 2 1 2 1 1 2 0 0 0 0 0 2 1 1 
0 0 0 0 1 0 1 1 0 0 0 1 0 0 2 0 0 2 0 2 1 0 0 0 2 0 0 1 0 2 0 0 0 2 0 0 2 2 0 2 0 0 1 0 0 0 2 0 2 0 0 0 2 0 0 2 0 0 0 2 
1 0 0 0 1 1 0 0 0 0 0 0 1 0 2 1 2 0 0 0 0 0 0 0 1 2 1 1 0 0 1 0 2 0 1 0 0 0 0 2 0 0 0 0 0 1 0 2 1 0 1 2 1 1 0 1 1 1 1 0 
1 0 0 0 2 2 1 0 2 2 2 1 0 0 0 0 1 0 2 1 1 0 0 0 0 0 0 0 1 0 0 1 2 2 1 0 0 0 0 2 0 0 0 0 0 0 1 2 1 0 2 0 0 1 0 0 0 0 2 0 
0 0 0 1 0 0 0 2 2 1 0 0 0 0 0 0 0 0 0 2 0 0 0 2 2 2 2 0 2 2 0 2 2 0 2 2 0 0 0 1 0 0 0 0 1 1 1 2 1 2 1 0 0 0 2 0 1 1 0 0 
0 0 1 0 0 1 0 2 0 1 0 2 0 1 2 0 2 1 0 2 0 2 0 0 0 1 0 0 0 0 2 1 2 0 0 0 1 1 0 2 0 0 2 1 0 0 0 2 2 0 2 2 0 1 1 0 2 0 0 2 
0 0 2 2 0 0 0 0 1 1 2 2 1 2 1 0 0 1 0 2 2 2 1 0 0 0 2 0 2 2 2 2 2 2 1 1 2 1 2 1 0 0 0 0 0 2 2 0 0 0 0 1 0 2 0 1 0 1 0 1 
2 1 0 0 0 0 1 0 0 0 0 1 0 1 0 2 1 2 2 0 0 0 0 0 0 2 2 2 0 2 0 1 0 0 0 0 0 0 1 2 0 2 0 2 0 0 0 0 2 2 2 1 0 0 0 0 0 0 0 2 
1 0 1 2 2 0 0 0 0 0 2 0 1 0 1 0 0 2 2 2 2 1 2 1 0 0 2 1 1 0 2 2 2 2 1 0 0 2 1 0 2 1 0 1 2 1 0 1 0 1 0 1 0 1 2 0 0 2 2 1 
0 2 0 0 1 1 0 2 0 0 2 0 2 0 2 2 0 0 1 2 0 0 0 0 0 0 1 1 1 1 2 0 1 2 2 0 2 2 1 0 2 2 1 0 0 0 0 0 1 0 0 1 0 0 2 0 1 0 0 0 
0 0 2 0 1 2 0 0 1 0 0 0 2 0 2 1 1 1 1 2 0 0 1 2 2 2 0 2 0 0 2 0 0 0 2 0 1 0 0 0 0 2 0 1 0 0 0 2 0 0 0 2 1 0 1 2 1 1 0 0 
0 1 0 0 0 0 0 2 0 2 1 1 0 0 0 1 1 0 0 2 0 0 2 2 0 2 0 0 2 2 1 0 1 2 1 0 0 2 2 0 2 1 2 0 0 2 0 2 1 0 0 0 0 0 0 2 0 0 2 0 
0 0 0 0 2 1 0 0 0 1 2 1 0 0 2 0 2 1 2 0 2 0 1 0 2 2 0 1 2 0 0 2 0 2 2 0 0 0 1 0 0 2 2 2 2 2 0 2 0 0 0 0 2 0 2 2 0 0 2 0 
2 0 0 1 0 0 2 0 2 0 2 0 0 2 1 0 0 0 0 2 0 1 1 0 0 2 0 0 0 2 2 0 0 0 0 2 0 2 0 0 0 0 2 1 2 1 0 1 0 0 2 1 1 2 0 0 2 0 0 1 
1 0 0 0 2 1 0 1 1 2 2 1 1 0 1 0 0 0 1 0 0 1 0 1 0 2 1 0 2 1 1 1 0 1 1 1 0 0 0 2 0 0 2 2 0 1 1 0 1 1 0 0 2 0 0 0 2 0 1 0 
1 0 1 0 2 1 0 0 0 0 0 1 0 0 2 2 2 1 2 2 0 1 2 1 1 2 0 2 1 1 1 0 0 1 2 1 0 2 2 2 0 0 0 0 2 0 2 0 0 2 0 0 2 0 0 0 0 0 0 0 
2 2 0 2 1 0 0 2 2 0 0 0 2 1 0 0 1 1 0 2 2 0 2 2 1 2 1 0 2 0 1 0 2 2 0 0 2 0 0 0 2 2 1 2 0 0 0 0 0 0 0 0 2 1 0 2 0 0 2 0 
0 1 2 0 2 0 0 2 2 0 1 0 0 0 0 1 0 2 1 2 0 0 1 0 0 2 0 0 1 0 1 1 0 0 1 0 1 0 0 0 2 0 1 2 0 0 1 0 2 0 0 0 0 0 1 0 0 2 2 0 
2 0 2 2 0 2 0 0 1 2 1 1 0 2 2 1 1 0 1 2 0 0 0 0 0 0 2 1 1 2 0 0 0 0 2 0 0 2 2 0 1 1 2 1 2 2 1 0 0 0 1 0 2 0 0 0 1 0 1 1 
1 1 2 0 0 2 1 0 0 0 0 2 0 0 2 0 2 1 0 0 0 0 2 0 0 0 0 0 0 0 0 0 0 0 2 0 2 2 0 0 0 2 0 1 0 2 0 0 0 0 1 2 2 1 2 2 1 1 0 0 
0 1 0 2 1 0 2 1 1 0 0 1 1 0 0 1 1 2 2 2 0 0 0 0 2 0 1 0 2 0 2 1 1 0 0 0 2 0 1 0 0 2 0 0 0 0 0 0 2 0 0 2 0 1 1 0 2 1 2 1 
2 0 1 0 0 0 2 1 2 0 0 0 1 0 0 0 0 1 0 0 2 2 0 2 2 0 0 0 1 0 0 0 2 1 2 0 0 0 0 2 0 0 1 0 0 0 0 2 0 0 0 1 2 0 0 0 2 0 0 1 
2 2 0 1 0 0 0 0 0 2 0 0 2 1 1 0 0 0 1 0 2 0 1 1 0 0 0 1 2 2 0 0 0 0 2 1 2 2 0 0 0 1 2 0 0 2 1 0 2 0 2 0 1 1 0 2 1 0 0 0 
0 0 2 2 0 0 2 0 1 1 0 0 0 0 2 1 0 1 0 2 1 2 2 1 2 2 0 0 0 0 2 1 1 1 1 2 0 2 1 2 1 2 2 0 1 1 1 2 1 0 0 0 0 2 1 0 0 0 0 0 
1 0 0 1 0 0 0 2 1 0 0 1 0 1 0 1 0 2 1 0 0 1 0 0 2 0 2 1 0 1 0 2 0 0 1 1 1 0 0 0 0 2 0 0 0 0 2 1 1 0 0 2 1 0 0 0 2 0 1 2 
1 0 0 0 0 2 1 2 0 0 2 2 1 1 1 0 1 0 2 0 1 0 1 2 0 0 2 2 2 2 1 0 2 0 0 1 0 1 0 2 1 1 2 1 0 2 2 2 0 1 2 0 1 2 1 2 0 0 0 1 
2 1 2 1 1 0 1 0 0 1 0 2 1 1 2 2 0 2 2 0 0 0 0 0 2 2 0 1 0 0 0 1 0 1 1 1 2 0 0 0 1 0 2 0 1 0 0 2 0 0 2 0 0 0 2 0 0 2 0 1 
1 1 0 0 0 1 1 1 2 1 0 0 2 2 0 0 0 0 0 2 2 0 0 0 0 0 0 2 1 0 0 0 0 2 2 2 1 0 2 1 0 2 0 0 0 2 2 0 0 0 2 0 0 0 0 0 2 0 0 0 
2 0 0 2 0 0 0 0 2 0 2 0 0 0 0 2 0 2 0 1 0 2 2 0 2 1 2 0 2 2 0 0 0 1 0 0 0 0 0 0 0 2 0 1 0 2 0 0 0 0 0 0 2 0 2 0 0 1 0 0 
2 2 1 0 0 2 0 0 2 0 0 1 0 2 2 1 0 2 1 1 2 0 0 1 0 2 1 2 0 0 0 0 0 1 0 0 1 2 2 0 0 2 0 1 0 1 2 1 0 2 0 2 0 0 0 2 0 0 0 0 
0 0 0 1 2 2 2 2 2 0 0 0 0 0 2 0 0 0 0 0 0 1 0 0 0 0 0 2 1 1 0 1 0 0 1 1 2 1 2 1 2 2 2 0 0 1 1 0 0 0 1 1 0 2 1 0 0 0 0 0 
0 2 0 2 1 2 0 1 0 2 1 1 0 0 1 0 0 2 0 2 2 0 0 2 0 2 2 0 1 1 1 0 2 0 1 0 0 0 2 2 0 1 0 1 2 1 2 0 0 0 2 2 0 0 2 0 2 0 0 2 
2 2 1 0 0 0 2 0 0 2 1 0 1 0 0 0 1 1 2 2 1 0 0 0 1 0 1 0 2 0 0 2 0 2 2 0 0 0 0 0 0 1 2 2 0 0 0 0 1 0 2 1 0 2 0 2 2 2 0 0 
1 1 2 0 1 0 0 0 1 0 1 2 1 2 0 1 0 0 1 0 1 2 2 0 0 1 1 0 0 2 2 2 0 0 1 1 0 2 0 2 0 0 0 1 1 1 1 1 0 0 1 0 0 1 0 0 0 0 2 0 
1 1 0 2 0 1 0 2 0 0 1 2 0 0 0 1 0 0 2 0 2 1 2 0 0 0 2 0 0 2 0 2 1 0 2 0 1 1 0 1 2 0 0 1 1 0 2 2 1 0 2 2 2 0 0 0 1 0 1 0 
0 0 1 0 1 0 2 0 2 0 0 0 1 1 1 0 0 2 0 0 1 1 2 0 0 0 0 1 2 2 0 2 1 0 1 0 0 1 0 2 0 0 2 0 0 1 0 0 0 1 1 0 0 0 2 0 0 2 1 2 
0 2 0 0 0 0 2 1 0 0 2 2 2 0 0 2 0 1 0 1 0 0 1 0 0 0 0 0 0 2 1 0 0 0 2 0 1 0 0 0 1 0 0 1 0 2 2 0 1 0 1 1 0 0 0 0 0 0 1 0 
2 0 0 2 2 2 0 2 0 0 1 0 0 0 0 0 1 2 0 0 0 0 0 1 0 0 0 0 2 0 0 1 0 0 0 0 1 1 0 0 2 0 2 2 0 1 0 0 2 1 0 1 2 2 0 0 2 2 1 1 
2 0 0 1 2 0 1 1 0 0 0 0 2 2 0 0 1 1 0 0 2 2 0 0 0 0 0 0 1 0 0 1 0 2 0 2 1 0 2 2 1 2 0 0 0 0 0 0 2 0 0 1 0 1 0 1 2 0 2 0 
0 2 0 0 2 0 0 2 0 2 2 0 1 2 0 0 2 1 2 1 0 0 0 2 0 2 0 1 2 0 0 2 1 1 0 2 1 2 0 0 2 2 2 2 2 0 2 1 2 0 0 0 1 0 2 0 0 1 1 1 
2 1 0 0 2 1 2 2 2 2 1 1 0 0 1 0 0 0 2 2 0 0 2 0 0 0 1 0 2 1 0 2 0 2 2 1 0 2 2 0 2 2 2 1 1 2 2 1 0 2 2 2 0 0 2 1 0 2 0 1 
0 0 2 0 2 0 1 2 1 0 0 2 1 0 0 0 0 2 0 0 0 0 1 2 2 0 0 0 1 2 2 2 1 1 0 0 0 0 0 2 0 0 0 1 0 0 0 0 2 2 0 1 1 0 1 1 1 0 2 0 
0 0 0 0 0 1 1 2 0 0 0 0 2 1 0 2 1 0 0 0 0 2 2 2 0 0 0 0 2 0 1 1 2 0 0 0 1 1 1 1 1 1 0 0 0 0 1 2 0 2 0 0 0 1 2 0 1 2 2 2 
0 0 0 2 0 0 0 1 2 0 0 2 0 1 1 0 2 0 2 0 1 0 0 2 0 2 0 1 1 2 0 1 0 0 2 2 0 0 0 2 0 2 0 0 0 0 0 0 1 0 0 0 1 0 0 0 0 0 0 0 
1 1 0 0 0 2 0 0 0 0 0 0 1 0 2 0 0 0 0 0 2 0 0 0 1 1 1 1 2 0 2 0 2 0 0 0 2 2 2 0 1 2 0 0 0 0 2 1 2 2 0 2 0 2 0 1 0 1 2 1 
0 0 1 2 0 0 1 1 1 1 2 0 0 2 2 0 0 2 0 0 2 2 0 0 1 0 2 2 2 1 0 0 0 0 2 1 2 0 2 1 1 0 0 0 0 2 0 2 0 1 0 0 1 0 2 0 0 0 0 0 
0 1 2 0 0 1 0 1 0 0 1 2 2 2 0 0 0 0 2 0 2 1 0 0 0 2 2 1 0 1 0 1 1 2 0 1 0 0 2 0 1 1 0 2 0 2 0 2 1 1 0 0 1 0 0 2 2 1 0 0 
1 0 2 2 0 2 0 2 2 2 0 1 0 0 2 2 1 1 0 1 1 2 0 0 0 2 0 0 0 0 1 1 2 0 0 0 0 0 2 0 0 0 1 1 1 2 1 2 2 0 1 0 1 0 0 2 2 2 0 1 
2 2 2 2 0 2 0 1 0 1 0 0 2 0 0 2 1 2 0 2 0 0 2 0 2 0 2 1 2 1 0 1 0 0 0 2 0 0 2 0 0 0 0 0 0 0 1 1 0 0 0 0 2 1 1 0 0 1 0 0 
0 1 0 0 0 0 0 0 0 2 0 2 2 2 2 1 2 0 0 2 0 2 0 1 0 2 1 0 1 2 0 0 0 2 2 0 1 1 0 1 0 2 1 2 0 1 1 0 2 0 0 2 1 0 0 0 1 0 0 0 
2 2 2 1 2 0 2 2 2 2 0 1 0 0 0 2 1 0 1 0 1 2 2 0 2 0 1 0 0 1 1 0 2 0 0 0 1 2 1 2 1 0 2 0 2 0 0 0 0 0 2 2 1 0 0 0 0 0 0 0 
0 2 1 1 0 0 0 1 1 2 0 0 0 0 0 0 2 0 2 0 1 2 0 0 0 2 0 1 2 1 1 2 1 0 0 2 0 1 0 1 1 2 1 0 1 0 2 0 2 1 0 1 2 1 0 0 1 0 0 0 
0 2 0 0 1 2 0 2 2 2 0 1 0 0 0 0 0 1 0 1 0 2 0 0 2 0 0 2 2 2 0 2 0 0 1 2 1 0 0 2 2 0 0 1 0 2 0 0 2 0 1 2 0 0 2 1 0 0 0 0 
2 0 1 1 0 0 2 2 1 0 0 0 2 2 2 2 1 0 0 1 0 0 1 0 0 2 0 0 0 2 1 0 1 0 1 2 2 0 2 2 2 0 0 1 0 0 0 0 0 1 0 0 1 2 0 0 0 0 2 1 
1 0 0 1 0 0 2 0 2 0 0 0 0 1 2 1 1 0 2 2 0 0 0 2 0 0 0 0 0 2 0 0 0 0 0 0 0 2 0 0 1 0 0 2 1 2 2 0 0 0 0 1 1 0 0 1 1 0 0 0 

Iteración 90 - Representación de la matriz:
2 0 1 0 0 0 0 2 0 0 1 0 1 0 0 0 0 0 0 0 0 0 0 1 0 0 0 0 0 1 2 0 0 2 1 2 2 0 0 0 2 2 0 0 0 2 1 2 0 0 0 0 1 1 0 1 0 0 2 0 
0 0 0 2 0 0 0 2 2 2 1 1 0 2 1 0 0 0 1 2 2 2 1 0 0 0 1 0 2 1 2 1 0 0 0 1 0 0 0 2 0 2 1 2 0 2 1 2 2 1 0 0 0 1 1 1 0 0 0 1 
0 0 2 1 0 0 0 2 0 0 2 1 2 0 2 2 2 0 0 2 2 2 2 1 0 2 1 0 0 0 1 0 0 0 1 0 2 0 0 1 0 1 0 0 2 0 0 0 0 2 0 0 0 2 1 0 0 0 1 0 
0 2 0 0 1 2 2 0 0 1 0 1 0 2 2 0 1 0 0 0 0 0 2 0 1 2 0 0 1 0 0 2 0 0 0 1 0 0 0 1 1 1 0 0 0 0 0 2 0 0 1 0 0 1 0 0 0 0 0 2 
0 1 0 0 0 0 0 0 1 1 0 1 2 2 0 0 1 2 1 0 0 0 0 2 2 0 1 2 0 0 2 0 0 1 2 0 0 0 1 0 0 1 2 1 2 0 0 2 2 2 2 2 0 0 2 2 1 1 0 0 
0 0 2 2 0 1 0 0 0 1 1 2 0 1 1 0 0 0 2 0 2 2 2 2 0 1 2 0 2 0 0 0 0 1 0 2 1 2 0 0 0 2 2 0 0 0 2 0 2 0 1 0 0 1 0 0 1 2 0 2 
2 1 0 0 2 1 0 0 2 1 2 1 0 1 2 2 0 2 2 0 0 0 0 1 0 1 2 0 1 0 0 0 0 1 0 0 0 0 1 0 0 2 0 1 0 0 1 2 2 0 0 2 0 1 1 2 0 0 2 0 
0 0 0 2 1 0 0 1 0 0 0 1 0 0 2 0 0 0 0 0 0 2 1 1 0 0 0 0 2 1 0 2 0 0 0 0 0 0 0 0 2 2 2 0 0 1 0 0 0 0 2 1 0 2 0 1 0 2 0 0 
0 1 1 0 0 0 0 0 0 0 2 0 1 0 0 0 0 0 1 2 0 1 2 0 2 2 1 0 2 1 0 0 0 2 1 0 0 0 0 0 0 0 0 0 2 0 1 2 0 2 0 0 0 1 1 0 1 0 0 0 
0 1 1 1 2 1 2 2 2 2 0 0 0 0 2 0 0 0 0 2 0 2 1 1 2 0 0 0 1 0 1 0 2 0 2 1 0 0 0 0 0 1 0 1 0 2 2 0 2 0 2 0 0 0 1 0 0 2 0 2 
0 0 1 0 0 0 0 2 0 0 0 0 2 1 2 2 1 1 0 0 0 0 0 0 0 2 2 1 1 0 0 1 1 2 0 1 0 0 2 0 2 2 0 0 1 2 1 0 0 1 0 1 0 0 0 2 2 2 2 2 
1 2 1 0 1 0 2 0 1 0 2 0 0 1 0 0 2 2 0 2 0 0 1 2 0 2 0 0 2 0 0 1 2 0 2 2 0 0 0 0 0 2 0 0 1 0 1 2 2 2 2 1 0 0 0 0 0 2 0 0 
1 0 1 2 0 1 0 0 0 0 1 0 2 0 1 2 0 1 1 0 0 0 2 0 0 0 0 1 1 0 1 0 2 2 0 1 1 0 0 2 1 0 0 0 1 2 0 0 0 2 1 1 0 0 1 0 0 0 0 0 
2 0 2 2 0 2 0 2 0 2 1 2 0 0 2 2 2 0 0 1 0 1 0 1 0 0 2 2 2 0 2 0 1 0 0 0 1 1 2 0 0 0 1 0 2 0 0 0 2 0 0 0 0 2 0 2 2 2 2 0 
0 2 2 1 0 0 2 0 1 0 0 0 1 0 1 1 1 0 0 2 0 0 2 1 2 0 1 0 1 0 2 0 2 0 0 1 2 2 0 0 0 1 0 0 0 1 1 0 1 1 1 1 0 2 0 2 0 0 0 2 
1 0 2 0 0 2 0 0 2 0 0 2 1 1 0 0 0 0 1 0 0 2 0 0 0 1 0 0 1 0 2 0 0 0 2 1 0 2 1 0 0 2 0 0 0 2 0 0 2 1 2 0 0 0 0 1 0 2 2 1 
1 0 0 1 0 0 0 1 0 0 0 0 0 0 1 1 2 1 0 0 1 0 2 0 0 1 2 0 0 2 0 0 0 0 2 2 2 2 1 0 2 2 1 0 1 2 0 1 0 0 1 0 0 2 0 0 1 2 0 0 
0 0 0 2 2 1 1 1 1 1 2 2 0 2 2 0 0 0 0 0 0 0 1 1 2 0 1 1 1 0 0 0 1 0 2 2 0 0 0 0 0 2 1 0 1 0 0 0 1 2 0 0 0 1 0 0 2 0 0 1 
0 2 2 1 0 0 2 0 0 2 0 0 1 2 0 0 0 0 0 1 1 1 1 2 0 2 1 0 0 0 1 0 0 0 0 0 0 0 0 0 0 1 0 0 1 0 0 2 2 1 0 0 0 0 0 1 0 0 1 0 
2 0 2 1 0 0 2 1 0 0 2 0 2 0 0 0 1 0 2 2 0 2 2 0 2 0 2 0 0 2 0 0 0 0 0 0 0 1 0 0 1 1 0 2 0 0 1 1 0 0 0 0 2 0 0 0 0 2 0 0 
1 0 0 0 0 0 2 1 1 2 0 1 1 0 0 1 0 0 1 0 0 0 0 2 2 1 0 1 0 0 0 0 0 2 2 0 1 2 2 0 1 0 2 2 0 0 0 2 0 0 0 2 0 0 0 2 1 0 2 1 
1 0 0 0 0 2 1 2 2 0 1 0 0 2 0 0 2 1 0 1 1 2 1 1 2 0 2 0 0 1 0 0 2 2 2 1 2 2 2 0 0 0 0 0 0 0 0 2 0 0 0 0 1 0 1 2 0 0 0 0 
0 1 1 0 0 2 0 2 2 0 1 1 2 0 2 2 0 2 2 1 2 0 0 1 2 1 0 1 0 0 2 0 0 2 2 0 0 0 2 0 0 0 0 1 0 0 2 2 2 0 0 0 0 1 0 1 0 0 0 0 
2 0 0 2 0 1 0 2 2 0 0 2 0 1 0 0 2 0 2 1 0 0 2 0 1 0 2 0 0 0 0 2 0 2 0 0 0 0 0 0 0 0 0 2 0 0 2 2 1 0 0 0 0 0 0 0 2 2 1 2 
0 1 0 0 2 0 0 1 0 2 0 0 2 0 0 0 0 2 0 0 0 0 0 1 0 2 0 2 0 1 0 0 0 1 2 2 1 0 2 0 2 0 1 1 1 2 2 1 2 0 2 1 0 0 2 2 0 0 0 0 
2 0 0 2 0 0 0 0 0 1 1 2 0 1 0 0 0 0 0 0 0 0 0 2 1 2 0 0 1 0 1 0 1 0 1 2 1 2 0 1 1 2 0 0 0 1 2 0 1 0 0 0 0 0 2 2 1 0 0 2 
0 0 1 0 1 0 2 0 0 0 0 0 0 2 0 0 2 1 0 1 0 0 0 0 2 2 2 1 0 0 0 0 2 0 2 0 1 2 2 1 0 0 2 2 2 0 0 0 2 0 1 1 2 2 0 2 2 2 0 2 
0 0 2 0 0 0 0 0 1 0 1 0 0 0 0 1 2 1 1 1 0 1 1 0 1 2 2 0 0 0 1 0 2 1 0 1 0 2 2 0 0 2 2 0 0 1 0 0 0 0 2 1 0 0 2 2 0 0 2 0 
1 0 0 0 1 0 2 2 2 0 2 0 0 2 0 2 0 1 2 0 2 0 1 0 0 0 2 0 2 0 0 2 0 0 2 0 1 0 0 0 2 2 0 0 1 0 0 0 2 0 0 0 2 0 0 0 1 0 0 1 
2 2 1 0 2 0 2 0 0 0 0 0 0 2 0 2 0 0 2 0 0 0 0 0 2 0 1 0 0 0 0 0 0 2 2 0 2 0 1 2 0 0 0 0 0 0 2 0 0 2 0 1 0 0 2 0 0 1 2 1 
2 0 0 0 2 1 0 0 0 0 0 0 0 0 0 2 1 0 0 1 2 0 2 0 0 0 2 1 2 0 1 0 2 0 0 2 1 0 0 0 2 0 1 0 0 0 0 0 2 0 0 0 0 0 0 0 0 0 1 0 
1 1 2 0 0 2 1 2 1 1 1 0 0 0 1 0 2 2 1 0 0 1 0 0 0 2 0 0 2 0 2 0 0 1 0 1 1 2 2 0 2 0 1 0 0 0 0 1 0 0 1 2 1 2 0 0 0 0 0 0 
1 2 0 1 2 0 1 2 0 2 0 1 0 2 1 1 2 0 2 2 0 0 1 2 1 0 0 0 0 2 0 1 1 1 2 0 0 2 0 1 2 2 1 2 1 0 2 1 0 2 0 2 0 0 0 0 0 2 0 2 
0 0 0 0 0 1 2 0 0 0 2 0 2 0 2 0 0 0 1 1 0 0 0 2 0 1 0 0 0 2 0 0 1 0 0 2 0 1 2 2 2 1 2 2 1 0 0 2 0 2 0 0 0 0 0 2 0 0 0 2 
0 0 1 0 2 0 0 2 0 1 1 0 0 1 0 0 1 0 1 0 1 0 0 0 0 2 2 0 0 0 0 1 2 0 0 0 2 2 0 0 0 2 0 1 1 0 1 0 2 1 0 0 1 0 0 2 2 1 0 2 
1 2 2 2 2 2 2 0 2 2 1 1 0 0 1 1 2 0 0 0 0 2 0 2 1 1 0 0 0 0 0 2 2 0 1 1 0 2 2 1 2 0 2 1 0 0 0 0 0 2 1 0 0 1 2 0 0 2 0 0 
2 0 0 2 2 1 0 0 1 0 0 0 2 0 0 1 0 0 2 2 0 0 0 2 1 0 1 0 0 0 0 2 0 0 2 0 0 0 1 2 2 2 0 1 0 2 2 1 1 0 1 2 2 2 2 0 2 1 0 1 
2 0 0 0 0 0 0 1 0 2 0 2 2 2 0 0 0 0 0 0 0 1 2 0 0 0 0 1 2 1 0 2 2 0 0 0 0 2 2 0 2 2 0 0 0 0 0 1 1 2 0 2 1 2 2 0 0 2 1 0 
2 1 0 1 1 0 1 1 0 0 2 0 0 2 0 0 1 2 0 0 2 0 1 0 1 2 1 0 1 1 0 0 2 0 0 2 0 0 0 0 0 1 0 0 0 1 0 0 0 0 0 2 2 0 0 0 0 1 0 0 
1 0 0 0 1 2 1 1 0 0 0 0 0 2 0 0 1 2 0 0 0 2 1 0 0 1 0 1 1 2 0 2 0 0 0 2 2 0 1 2 0 2 0 0 2 1 0 2 1 2 1 1 1 0 2 0 0 2 0 1 
2 2 2 0 0 0 0 2 0 0 2 2 0 2 1 1 0 0 0 0 1 2 1 2 0 0 2 0 2 2 0 0 1 0 0 1 2 0 0 0 2 0 1 0 0 0 0 2 1 0 1 0 0 1 1 2 0 0 1 0 
0 0 1 0 0 0 0 0 0 0 0 0 2 0 0 0 0 0 1 0 1 2 2 0 1 2 0 0 1 0 2 2 2 1 0 0 0 2 2 0 1 2 1 1 2 1 0 2 0 0 0 0 0 0 1 1 1 0 0 0 
0 2 0 2 0 1 0 0 0 0 1 0 0 1 0 2 0 0 2 0 2 0 2 2 0 0 0 0 1 0 1 0 0 1 2 0 0 2 2 0 0 2 1 2 2 0 1 1 2 0 0 0 1 1 0 0 0 0 0 2 
0 0 0 0 0 1 1 0 0 1 0 0 2 0 1 1 1 0 0 1 0 0 2 0 0 0 0 0 2 2 0 0 1 2 0 0 0 2 0 2 0 0 2 0 0 0 0 0 1 0 0 2 1 2 0 0 0 1 1 1 
2 1 1 0 0 0 1 0 0 2 0 0 2 0 0 0 0 0 2 2 0 0 1 0 0 0 0 2 0 0 0 0 0 2 0 2 2 0 2 2 0 0 0 2 2 0 0 1 0 0 2 0 0 1 2 0 0 0 2 0 
0 2 2 0 0 0 2 0 0 0 1 0 0 2 0 0 2 0 1 0 1 1 0 2 0 2 2 1 1 0 0 0 0 0 0 1 0 1 0 0 0 0 0 0 2 2 0 0 0 1 2 2 2 0 0 0 2 0 0 0 
2 0 0 1 2 0 1 0 1 2 0 0 1 0 1 0 1 1 2 0 0 0 1 0 1 0 0 1 0 0 2 2 2 0 0 0 0 2 2 0 2 0 0 1 1 0 0 2 0 0 1 0 1 2 0 0 1 2 2 0 
0 2 0 0 1 1 0 0 1 2 0 1 1 0 2 2 1 1 1 0 2 0 0 0 1 2 2 1 0 1 0 0 0 0 0 1 1 0 2 2 2 0 0 0 0 1 2 0 2 2 0 1 1 2 2 0 0 0 0 0 
2 0 2 0 0 2 2 2 0 0 2 0 0 0 0 1 0 2 0 1 0 0 1 0 0 0 0 0 0 1 0 0 1 0 2 2 0 0 1 2 0 0 0 0 0 2 0 0 0 0 0 1 1 1 0 2 0 0 0 0 
0 1 2 0 0 2 2 2 2 0 1 0 0 0 1 0 0 2 0 0 0 0 1 2 2 2 1 0 2 2 1 0 0 0 2 0 0 0 2 2 0 0 0 2 1 2 1 2 0 0 1 1 0 2 0 2 1 2 2 0 
2 0 1 2 0 0 0 0 2 1 0 1 2 0 0 0 0 0 1 2 2 0 0 1 0 1 0 0 1 0 0 2 0 2 0 0 0 0 1 0 0 0 2 0 0 1 2 2 0 2 2 2 1 0 2 0 0 1 0 1 
2 0 0 2 1 0 2 0 2 0 0 2 0 2 0 1 1 0 2 2 1 2 2 0 0 0 0 0 2 0 0 2 2 0 0 1 1 2 0 2 0 0 0 0 0 0 0 0 1 1 0 2 0 2 1 0 0 0 0 0 
2 2 0 0 0 2 0 1 0 2 0 1 0 2 0 2 0 0 0 0 1 0 2 0 0 2 1 2 1 0 0 2 0 2 0 0 0 1 1 1 1 1 2 0 1 0 0 1 0 0 2 0 0 0 1 2 2 2 2 2 
0 1 0 2 0 0 0 0 2 0 0 0 1 0 0 1 2 1 2 0 1 1 0 1 0 1 2 0 0 1 1 2 2 1 0 1 0 0 0 1 0 1 0 2 0 1 2 0 0 0 1 0 2 0 2 0 0 0 0 2 
0 1 0 0 1 1 0 1 1 2 0 0 2 0 0 0 0 0 2 0 0 1 0 0 0 0 2 2 0 0 1 1 1 1 2 1 2 1 2 0 0 0 0 1 0 0 0 0 2 0 2 0 1 0 0 2 2 0 0 2 
0 2 0 0 2 0 0 0 0 0 1 2 1 0 0 2 2 1 0 0 1 1 0 0 0 2 1 0 0 0 2 2 0 0 2 1 1 1 0 2 0 2 0 0 2 0 2 0 1 0 0 2 2 0 0 0 1 0 2 0 
2 2 2 0 2 0 2 2 2 1 0 2 2 0 0 0 1 2 1 0 0 1 0 2 2 2 2 0 1 2 0 1 0 0 2 0 0 2 2 0 0 2 0 1 0 2 2 1 0 0 0 0 2 0 1 2 0 1 0 0 
1 1 0 0 0 2 0 2 2 1 0 0 2 2 2 1 0 1 0 0 0 1 0 2 0 2 0 1 0 1 0 0 0 2 1 2 0 0 2 1 2 0 2 2 2 2 2 0 0 2 0 2 0 2 1 0 1 2 0 2 
1 2 0 1 0 0 0 0 0 0 1 0 2 0 2 1 0 0 0 2 2 0 0 2 2 0 2 2 0 2 1 2 0 0 0 2 2 2 1 1 1 2 0 0 0 1 1 0 2 2 1 0 0 0 0 2 0 0 0 1 
0 0 2 1 0 0 1 0 1 2 2 0 0 0 2 0 0 0 0 0 0 2 0 0 1 1 0 0 0 0 0 0 2 1 0 0 0 1 0 0 1 1 0 1 2 2 0 2 2 2 2 0 0 0 1 2 2 0 1 1 

Iteración 100 - Representación de la matriz:
0 1 0 1 0 1 2 0 2 0 0 2 0 0 1 0 1 2 0 2 0 0 0 2 0 0 0 0 1 2 1 0 0 1 0 0 2 0 2 1 0 0 2 2 0 1 0 1 0 0 0 0 0 0 2 0 0 2 1 2 
0 0 2 0 1 2 0 2 2 0 0 0 2 1 0 2 2 1 1 0 0 0 2 2 2 2 0 1 2 1 0 2 0 1 0 2 0 1 1 0 2 0 0 0 0 0 2 2 2 2 2 1 1 0 0 0 2 0 1 1 
2 2 0 1 0 0 0 0 0 2 0 0 0 1 2 1 0 0 0 2 1 0 0 2 2 0 0 0 0 1 1 2 0 1 1 0 1 1 2 1 2 1 0 0 2 0 0 0 0 0 2 1 0 0 0 0 0 1 2 0 
0 0 0 0 2 0 2 2 2 2 2 0 2 0 1 0 1 1 1 2 2 0 1 0 0 2 2 1 0 2 0 0 2 2 0 1 2 0 1 0 0 0 2 1 0 2 2 1 2 0 0 0 0 0 0 2 2 1 2 1 
0 0 0 1 0 0 1 1 0 2 0 0 2 1 2 0 0 2 1 0 2 2 2 1 1 1 0 2 0 2 0 2 0 0 0 0 0 0 0 1 0 0 1 1 2 1 0 2 0 0 0 1 0 2 0 2 0 2 0 2 
0 0 2 0 0 0 1 0 2 0 0 2 0 1 0 2 1 0 0 0 0 0 1 0 1 0 0 0 0 0 1 2 0 1 0 2 1 0 0 0 0 0 2 2 1 2 1 0 0 1 0 0 2 0 0 1 0 2 1 0 
1 0 0 0 0 0 1 1 0 0 0 0 0 1 2 0 0 2 1 1 2 0 0 0 2 0 0 0 1 2 1 1 0 1 0 2 0 0 2 1 1 0 0 2 0 1 0 0 0 1 0 0 2 1 0 2 1 0 1 0 
0 0 2 0 1 1 2 0 0 2 0 0 0 2 0 0 1 0 1 0 0 0 0 0 0 1 0 1 0 0 0 1 0 2 0 0 2 2 0 0 1 2 0 0 1 0 0 2 0 1 0 2 0 1 0 1 2 0 1 0 
0 0 2 0 0 0 1 2 0 0 0 0 0 0 0 0 2 0 0 0 0 0 0 1 0 1 1 1 0 1 0 0 0 0 2 0 1 1 0 0 0 0 2 2 0 1 1 0 0 2 0 0 0 1 0 0 2 1 0 1 
1 0 2 0 0 2 2 0 0 1 0 1 2 2 0 1 0 0 0 1 1 1 1 2 2 0 2 1 1 2 0 0 0 1 0 2 1 0 0 0 0 0 0 2 1 0 1 0 0 2 0 2 2 1 1 0 0 2 0 0 
2 0 0 0 0 0 2 2 0 0 0 2 0 1 0 1 0 1 2 0 0 0 1 0 0 0 1 2 0 1 2 0 0 2 0 2 0 0 0 0 2 2 2 1 2 0 1 0 0 0 1 0 0 1 2 1 2 0 2 1 
0 2 2 0 2 0 0 0 0 0 2 2 2 0 0 1 0 0 2 1 0 0 1 1 2 0 2 0 2 1 0 1 0 0 0 0 1 0 0 0 1 0 2 0 0 0 0 0 2 0 2 0 0 2 0 1 2 1 2 2 
0 0 2 0 0 1 0 1 0 1 0 2 2 2 2 0 0 0 2 0 2 2 1 0 2 1 0 0 0 0 0 2 0 2 0 0 0 2 0 1 0 0 0 1 0 0 1 1 2 1 0 0 0 0 0 2 0 0 1 1 
0 1 2 2 1 2 0 0 0 0 0 0 0 0 0 0 0 2 2 1 2 1 2 2 0 0 1 0 0 2 2 0 0 1 0 1 1 0 0 1 2 2 2 0 0 0 2 1 0 0 2 0 2 0 0 0 1 2 2 1 
1 1 1 0 2 2 1 1 0 0 0 0 0 2 2 1 1 1 2 0 0 2 0 1 0 2 0 2 0 0 0 2 0 0 0 0 0 0 0 2 2 0 2 2 0 0 2 0 0 2 0 0 0 0 0 1 0 1 2 0 
0 1 0 2 1 2 0 1 2 2 2 0 1 2 0 0 0 1 0 0 0 2 0 0 2 0 0 0 0 2 0 0 0 0 2 2 0 0 0 0 1 0 0 0 1 2 0 0 0 2 1 0 2 2 1 2 0 0 0 0 
2 2 0 1 0 0 0 0 2 0 2 1 1 2 0 0 1 2 2 1 0 0 0 0 1 1 2 0 2 0 1 1 2 0 0 1 2 1 2 1 1 0 0 2 2 2 1 1 1 0 0 1 0 2 0 1 0 2 2 0 
0 0 0 2 0 2 0 0 2 2 2 0 1 2 0 1 0 2 0 1 0 2 2 2 2 0 0 0 2 0 0 2 1 2 0 2 0 0 1 0 0 0 0 0 0 2 0 0 0 0 0 0 0 0 0 0 0 2 0 2 
0 0 1 0 2 0 0 1 0 0 0 0 1 1 0 1 2 2 1 0 1 0 0 1 0 2 1 0 0 1 2 0 2 1 1 0 0 1 2 2 1 0 2 2 1 0 0 0 0 0 0 1 0 0 2 0 2 1 0 2 
0 2 0 0 0 0 2 1 1 0 0 0 1 2 0 2 0 0 0 2 0 2 0 0 0 0 1 2 2 2 0 0 2 0 0 2 0 0 0 2 0 0 1 0 0 2 0 0 0 1 0 1 0 0 0 2 0 1 2 0 
1 0 0 2 1 0 0 2 0 0 0 0 0 1 2 0 0 1 1 0 0 0 0 2 0 0 0 0 0 2 2 0 0 0 0 1 0 1 0 0 2 0 0 0 0 0 0 2 0 0 0 1 0 0 0 0 0 1 0 1 
0 0 0 0 1 1 1 1 1 0 0 0 1 0 2 0 2 0 1 0 2 1 2 0 1 0 0 1 2 0 1 2 2 0 0 0 0 0 0 2 0 1 1 2 2 1 1 0 1 0 0 1 0 0 0 2 2 1 1 1 
0 0 2 0 0 2 0 0 0 0 0 2 2 2 0 0 2 1 2 1 1 0 2 1 1 2 0 0 2 2 1 2 1 0 0 1 0 1 0 0 0 0 0 0 0 2 0 1 0 0 0 0 2 0 2 1 0 0 0 2 
0 2 2 0 1 2 0 1 0 1 0 2 0 2 2 0 2 0 1 0 2 0 1 0 0 2 0 2 1 2 1 0 1 2 1 2 0 0 0 0 0 0 1 1 0 1 0 1 1 0 2 1 0 0 0 2 2 0 0 0 
0 0 1 0 2 1 0 0 2 1 0 0 2 1 2 0 1 2 0 1 1 0 0 1 0 1 1 1 2 0 0 2 0 0 0 0 0 2 1 0 0 2 0 1 2 0 0 0 2 2 1 1 0 0 0 2 0 0 1 2 
1 2 2 0 2 2 2 1 0 0 2 2 2 2 0 2 0 1 0 0 1 0 2 2 0 0 2 1 0 2 0 2 0 1 1 0 2 1 1 0 0 0 2 0 2 0 0 0 1 0 1 1 1 0 0 2 2 0 1 1 
1 1 0 2 1 1 0 2 0 2 1 0 0 0 0 2 0 1 0 0 0 2 0 2 0 0 0 0 1 2 2 1 0 0 0 1 1 1 0 0 1 0 0 1 0 1 0 1 1 2 1 0 0 2 0 2 0 1 0 0 
0 0 0 2 2 2 1 0 2 0 2 2 2 2 0 0 0 0 0 1 1 2 2 1 0 0 0 0 0 2 1 0 0 0 1 2 0 2 1 2 0 0 0 0 1 1 2 0 0 2 2 0 0 0 0 0 0 0 2 0 
1 0 0 0 0 2 2 2 0 2 0 1 2 0 0 0 2 2 0 0 2 0 2 1 0 0 0 0 0 0 0 1 2 2 0 0 2 0 0 0 0 0 1 2 1 0 0 2 2 0 2 2 2 2 0 0 0 2 2 1 
1 0 1 0 0 2 2 2 0 1 1 1 0 2 2 2 1 0 0 2 0 1 0 0 0 2 0 1 2 0 2 1 0 0 1 0 1 0 1 2 0 0 0 0 0 0 0 0 0 0 1 0 2 1 2 2 1 2 0 0 
0 0 2 0 1 2 1 0 0 1 0 2 2 0 0 2 2 2 0 0 2 0 0 2 2 2 0 0 2 2 0 0 0 1 0 0 0 2 0 2 0 0 0 0 0 0 0 0 2 0 1 1 0 1 1 0 2 1 0 0 
1 2 1 0 1 0 0 0 0 1 0 0 0 0 1 0 0 1 0 0 2 2 0 2 0 2 0 0 1 0 0 2 0 2 1 0 2 0 0 0 1 0 0 0 1 2 0 0 1 0 0 0 1 0 2 2 2 2 2 0 
0 1 2 0 0 0 1 1 2 1 1 0 0 0 2 0 0 1 2 0 0 2 2 0 0 2 1 0 0 2 0 0 2 0 1 2 1 0 1 0 2 0 1 2 0 2 0 0 0 2 0 0 2 0 1 0 0 0 0 2 
0 0 0 0 0 0 2 0 1 0 1 2 0 2 2 0 1 2 1 2 0 0 1 2 0 2 0 1 1 2 1 1 1 0 0 1 0 0 0 1 2 1 1 0 0 0 2 1 1 0 2 2 0 0 2 0 0 2 0 0 
2 0 0 0 0 0 0 0 0 0 0 0 0 2 1 0 0 2 1 0 0 1 0 2 0 0 1 2 2 0 2 0 1 1 0 0 2 0 2 0 0 0 2 2 0 0 0 0 2 0 0 0 0 0 1 2 1 2 0 0 
2 0 2 0 0 0 0 1 2 1 0 1 0 1 0 0 0 2 2 1 2 0 2 0 1 0 1 2 1 0 0 0 2 0 1 0 1 0 2 0 1 0 0 0 2 0 1 1 0 1 0 0 2 2 1 2 1 1 0 1 
1 1 0 0 0 1 1 0 1 1 2 2 1 0 2 1 2 0 0 2 0 2 2 0 2 1 0 0 0 0 2 2 0 0 2 0 0 0 2 0 1 1 0 1 0 2 2 2 0 2 0 2 1 2 2 2 1 1 2 0 
0 0 0 2 0 0 2 1 0 2 0 2 0 2 2 0 0 0 0 0 0 0 2 1 0 0 2 0 0 0 0 2 2 2 0 2 0 0 0 0 2 0 0 2 0 0 0 0 0 0 0 1 1 1 2 0 1 1 0 0 
2 0 1 0 0 0 2 2 1 0 1 1 2 0 2 1 0 2 0 2 0 0 2 2 0 0 2 2 0 2 1 0 0 2 0 0 1 0 2 1 0 2 1 1 1 0 0 2 0 1 0 0 2 1 1 2 0 1 0 1 
1 0 1 0 1 0 2 1 0 0 0 0 0 2 1 1 2 1 2 2 0 0 2 0 1 0 2 2 2 1 0 0 2 1 2 0 0 2 2 2 0 1 0 0 2 0 1 1 0 0 2 2 0 1 0 2 0 1 2 2 
0 0 0 0 0 2 0 2 1 0 0 0 1 0 2 1 2 0 0 0 0 1 1 0 0 1 1 0 0 0 2 1 0 0 2 0 0 0 2 2 0 1 0 2 0 2 2 0 2 0 0 2 2 1 0 0 2 0 1 0 
0 0 0 2 2 0 0 2 1 0 0 0 0 0 0 0 2 1 0 2 0 2 0 1 2 2 0 0 2 0 2 1 0 0 2 0 0 0 0 0 2 1 2 1 2 0 0 2 1 1 1 2 0 0 0 0 0 1 2 0 
2 0 0 1 0 0 2 1 0 2 2 0 2 0 0 0 2 0 2 2 0 1 0 0 2 2 0 1 0 1 0 0 0 1 0 1 2 0 0 0 2 0 2 1 1 0 0 1 0 2 0 1 1 0 2 0 0 0 2 1 
0 0 0 0 0 0 2 2 2 0 0 0 0 0 2 2 1 0 1 0 2 1 1 1 0 2 0 0 1 0 0 1 0 0 1 0 0 1 0 2 0 0 2 0 0 0 0 0 2 1 1 1 0 1 1 0 1 2 0 0 
0 2 2 1 0 0 0 2 2 1 1 1 0 0 0 2 0 2 0 2 0 2 0 2 1 0 1 0 0 0 1 0 0 2 1 0 1 0 1 0 2 0 0 2 0 1 0 0 1 1 2 0 0 2 2 0 1 0 0 2 
0 0 2 1 2 2 0 1 0 0 0 1 0 0 2 0 2 2 0 0 2 0 0 2 0 0 0 0 0 0 0 0 2 2 0 0 0 0 2 0 0 0 2 1 2 2 2 0 0 0 0 0 0 0 2 1 2 0 2 0 
0 0 2 0 0 0 2 2 0 0 2 0 0 0 0 1 2 0 0 0 0 2 0 1 0 0 2 0 0 0 2 1 2 2 0 0 0 2 1 2 2 0 0 2 0 0 0 0 1 0 2 1 1 2 0 0 2 0 2 2 
2 0 0 0 0 0 1 2 2 0 1 0 2 0 0 0 0 0 0 1 2 0 0 0 0 2 2 0 0 1 0 2 1 0 2 2 1 0 2 0 0 0 0 2 2 0 1 0 0 2 2 0 0 0 0 2 1 0 0 0 
0 0 0 1 2 0 2 2 0 0 0 0 1 1 1 0 2 0 2 2 1 2 0 0 2 2 1 0 0 0 0 2 1 0 0 2 1 0 2 2 2 1 1 0 0 0 0 0 0 1 0 2 0 0 0 1 1 2 0 2 
2 2 0 0 0 2 2 2 1 0 1 2 0 0 0 1 1 1 1 2 1 0 0 0 1 0 0 2 0 1 0 2 0 0 0 0 0 2 0 1 2 0 1 0 0 1 0 0 2 0 0 0 0 2 2 2 2 0 2 0 
0 2 0 1 0 1 2 1 0 0 0 2 1 0 0 2 2 0 2 2 2 0 0 2 1 0 0 2 2 1 0 1 0 0 1 1 2 0 0 1 2 2 0 0 0 0 0 0 0 2 0 1 0 0 0 0 0 0 1 2 
0 0 1 1 0 2 1 0 0 0 2 1 2 0 0 2 0 0 0 2 0 0 0 0 0 0 0 2 0 2 0 1 0 0 2 0 2 2 1 0 0 1 1 0 1 2 1 0 1 0 0 0 1 0 2 0 0 0 1 0 
0 0 2 0 0 0 0 0 0 0 1 1 2 1 0 2 0 0 1 0 0 1 1 1 2 0 1 1 2 2 0 0 1 0 1 1 0 0 0 2 2 2 0 0 0 0 0 0 1 2 2 0 0 0 0 0 0 2 2 2 
2 2 0 0 0 0 2 0 0 0 2 1 0 0 1 0 0 0 0 2 2 1 0 1 1 1 1 1 0 0 0 0 2 0 2 1 0 0 0 0 0 2 1 0 1 0 0 0 1 0 1 0 1 0 0 0 0 0 0 0 
2 0 0 0 2 0 2 0 0 0 0 0 1 0 2 0 1 0 1 0 2 0 0 0 0 0 2 1 0 0 1 0 0 0 0 1 0 0 0 0 0 0 0 0 2 0 1 1 0 2 0 0 1 0 1 2 0 0 1 0 
0 0 0 0 0 0 0 0 2 0 0 0 0 0 1 1 0 0 0 0 1 2 1 1 0 2 1 0 1 1 1 0 2 1 0 2 1 0 2 0 0 0 2 0 1 0 0 2 0 0 0 2 2 0 0 0 2 0 1 0 
2 2 2 1 2 0 0 0 0 0 0 0 2 0 1 0 0 2 0 0 2 2 0 0 1 0 0 0 2 0 0 0 0 0 0 2 0 0 0 0 0 1 2 1 2 1 0 0 0 2 0 0 0 0 1 1 2 2 2 0 
0 0 0 0 2 0 0 0 0 1 0 2 0 1 0 0 0 2 0 0 0 0 2 0 2 2 0 2 2 1 0 2 0 0 1 2 0 0 1 0 1 0 2 2 0 0 0 0 1 0 0 2 0 0 0 0 2 1 2 1 
0 0 0 0 1 2 1 0 0 0 2 1 2 0 1 0 0 0 1 0 0 2 0 2 1 0 0 2 2 0 2 1 0 0 1 0 1 1 2 0 1 0 1 1 1 0 0 2 0 1 0 2 2 0 0 2 0 0 0 0 
2 2 2 0 0 1 2 0 2 0 1 0 0 2 1 0 0 1 0 1 0 0 2 2 1 0 0 0 0 0 2 0 2 0 2 0 0 0 0 0 2 1 2 0 2 1 0 0 0 0 1 0 0 1 0 2 0 0 0 1 

