40 0 0 1000
40 0 0.04 1000
40 0 0.06 1000
40 0 0.02 1000
40 0 0.08 1000
40 0 0.1 1000
40 0 0.14 1000
40 0 0.12 1000
40 0 0.16 1000
40 0 0.18 1000
40 0 0.2 1000
40 0 0.22 1000
40 0 0.24 1000
40 0 0.26 1000
40 0 0.3 1000
40 0 0.28 1000
40 0 0.34 1000
40 0 0.32 1000
40 0 0.36 1000
40 0 0.38 1000
40 0 0.44 1000
40 0 0.4 1000
40 0 0.42 1000
40 0 0.46 1000
40 0 0.48 1000
40 0 0.5 1000
40 0 0.52 1000
40 0 0.54 1000
40 0 0.56 1000
40 0 0.58 1000
40 0 0.6 1000
40 0 0.62 1000
40 0 0.64 1000
40 0 0.68 1000
40 0 0.66 1000
40 0 0.7 1000
40 0 0.72 1000
40 0 0.74 1000
40 0 0.78 1000
40 0 0.76 1000
40 0 0.8 1000
40 0 0.82 1000
40 0 0.84 1000
40 0 0.86 1000
40 0 0.88 1000
40 0 0.9 1000
40 0 0.94 1000
40 0 0.92 1000
40 0 0.96 1000
40 0 0.98 1000
40 0 1 1000
40 0.02 0 478
40 0.02 0.02 554
40 0.02 0.04 529
40 0.02 0.06 564
40 0.02 0.08 505
40 0.02 0.1 498
40 0.02 0.12 526
40 0.02 0.14 526
40 0.02 0.16 565
40 0.02 0.18 581
40 0.02 0.2 608
40 0.02 0.22 680
40 0.02 0.24 812
40 0.02 0.26 924
40 0.02 0.28 1000
40 0.02 0.3 1000
40 0.02 0.32 1000
40 0.02 0.34 1000
40 0.02 0.36 1000
40 0.02 0.38 1000
40 0.02 0.4 1000
40 0.02 0.42 1000
40 0.02 0.44 1000
40 0.02 0.46 1000
40 0.02 0.48 1000
40 0.02 0.5 1000
40 0.02 0.52 1000
40 0.02 0.56 1000
40 0.02 0.54 1000
40 0.02 0.58 1000
40 0.02 0.6 1000
40 0.02 0.62 1000
40 0.02 0.64 1000
40 0.02 0.66 1000
40 0.02 0.68 1000
40 0.02 0.7 1000
40 0.02 0.72 1000
40 0.02 0.74 1000
40 0.02 0.76 1000
40 0.02 0.8 1000
40 0.02 0.78 1000
40 0.02 0.82 1000
40 0.02 0.84 1000
40 0.02 0.88 1000
40 0.02 0.86 1000
40 0.02 0.9 1000
40 0.02 0.94 1000
40 0.02 0.92 1000
40 0.02 0.96 1000
40 0.02 0.98 1000
40 0.02 1 1000
40 0.04 0 269
40 0.04 0.02 237
40 0.04 0.04 232
40 0.04 0.06 255
40 0.04 0.1 275
40 0.04 0.08 241
40 0.04 0.12 256
40 0.04 0.14 283
40 0.04 0.16 286
40 0.04 0.18 262
40 0.04 0.2 266
40 0.04 0.22 281
40 0.04 0.24 289
40 0.04 0.26 291
40 0.04 0.28 305
40 0.04 0.3 306
40 0.04 0.32 299
40 0.04 0.34 330
40 0.04 0.36 367
40 0.04 0.38 530
40 0.04 0.42 633
40 0.04 0.4 521
40 0.04 0.44 687
40 0.04 0.46 646
40 0.04 0.48 906
40 0.04 0.5 623
40 0.04 0.52 895
40 0.04 0.54 1000
40 0.04 0.56 1000
40 0.04 0.58 1000
40 0.04 0.6 1000
40 0.04 0.62 1000
40 0.04 0.64 1000
40 0.04 0.66 1000
40 0.04 0.68 1000
40 0.04 0.7 1000
40 0.04 0.72 1000
40 0.04 0.74 1000
40 0.04 0.76 1000
40 0.04 0.78 1000
40 0.04 0.82 1000
40 0.04 0.8 1000
40 0.04 0.84 1000
40 0.04 0.86 1000
40 0.04 0.9 1000
40 0.04 0.88 1000
40 0.04 0.92 1000
40 0.04 0.94 1000
40 0.04 0.96 1000
40 0.04 0.98 1000
40 0.04 1 1000
40 0.06 0 185
40 0.06 0.02 184
40 0.06 0.04 193
40 0.06 0.06 184
40 0.06 0.08 194
40 0.06 0.1 174
40 0.06 0.12 192
40 0.06 0.14 191
40 0.06 0.16 197
40 0.06 0.18 175
40 0.06 0.2 189
40 0.06 0.22 196
40 0.06 0.24 193
40 0.06 0.26 189
40 0.06 0.28 211
40 0.06 0.3 203
40 0.06 0.32 208
40 0.06 0.34 207
40 0.06 0.36 218
40 0.06 0.38 219
40 0.06 0.4 240
40 0.06 0.42 225
40 0.06 0.44 255
40 0.06 0.46 299
40 0.06 0.48 293
40 0.06 0.5 413
40 0.06 0.52 386
40 0.06 0.54 415
40 0.06 0.56 501
40 0.06 0.58 474
40 0.06 0.6 1000
40 0.06 0.62 1000
40 0.06 0.64 892
40 0.06 0.66 812
40 0.06 0.68 1000
40 0.06 0.7 1000
40 0.06 0.72 1000
40 0.06 0.74 1000
40 0.06 0.76 1000
40 0.06 0.78 1000
40 0.06 0.8 1000
40 0.06 0.82 1000
40 0.06 0.84 1000
40 0.06 0.86 1000
40 0.06 0.88 1000
40 0.06 0.9 1000
40 0.06 0.92 1000
40 0.06 0.94 1000
40 0.06 0.96 1000
40 0.06 0.98 1000
40 0.06 1 1000
40 0.08 0 149
40 0.08 0.02 140
40 0.08 0.04 138
40 0.08 0.06 142
40 0.08 0.08 138
40 0.08 0.1 145
40 0.08 0.12 145
40 0.08 0.14 151
40 0.08 0.16 156
40 0.08 0.18 147
40 0.08 0.2 146
40 0.08 0.22 152
40 0.08 0.24 146
40 0.08 0.26 157
40 0.08 0.28 150
40 0.08 0.3 157
40 0.08 0.32 145
40 0.08 0.34 153
40 0.08 0.36 156
40 0.08 0.38 162
40 0.08 0.4 167
40 0.08 0.42 162
40 0.08 0.44 171
40 0.08 0.46 186
40 0.08 0.48 186
40 0.08 0.5 215
40 0.08 0.52 208
40 0.08 0.54 215
40 0.08 0.58 319
40 0.08 0.56 243
40 0.08 0.6 447
40 0.08 0.62 432
40 0.08 0.64 494
40 0.08 0.66 521
40 0.08 0.68 479
40 0.08 0.72 1000
40 0.08 0.74 1000
40 0.08 0.7 807
40 0.08 0.76 1000
40 0.08 0.78 1000
40 0.08 0.8 848
40 0.08 0.82 1000
40 0.08 0.84 1000
40 0.08 0.86 1000
40 0.08 0.88 1000
40 0.08 0.9 1000
40 0.08 0.92 1000
40 0.08 0.94 1000
40 0.08 0.96 1000
40 0.08 0.98 1000
40 0.08 1 1000
40 0.1 0 114
40 0.1 0.02 112
40 0.1 0.04 114
40 0.1 0.06 116
40 0.1 0.08 121
40 0.1 0.1 122
40 0.1 0.12 116
40 0.1 0.14 116
40 0.1 0.16 114
40 0.1 0.18 119
40 0.1 0.2 127
40 0.1 0.22 121
40 0.1 0.24 117
40 0.1 0.26 123
40 0.1 0.28 121
40 0.1 0.3 122
40 0.1 0.32 119
40 0.1 0.34 124
40 0.1 0.36 131
40 0.1 0.38 132
40 0.1 0.4 137
40 0.1 0.42 133
40 0.1 0.46 138
40 0.1 0.44 130
40 0.1 0.5 133
40 0.1 0.48 150
40 0.1 0.52 155
40 0.1 0.54 161
40 0.1 0.56 191
40 0.1 0.58 199
40 0.1 0.6 248
40 0.1 0.62 200
40 0.1 0.64 318
40 0.1 0.66 250
40 0.1 0.68 391
40 0.1 0.7 398
40 0.1 0.72 365
40 0.1 0.74 405
40 0.1 0.76 762
40 0.1 0.78 653
40 0.1 0.8 993
40 0.1 0.84 1000
40 0.1 0.82 1000
40 0.1 0.86 1000
40 0.1 0.88 1000
40 0.1 0.9 1000
40 0.1 0.92 1000
40 0.1 0.94 1000
40 0.1 0.96 1000
40 0.1 0.98 1000
40 0.1 1 1000
40 0.12 0 99
40 0.12 0.02 103
40 0.12 0.06 103
40 0.12 0.04 103
40 0.12 0.08 108
40 0.12 0.1 104
40 0.12 0.12 110
40 0.12 0.14 108
40 0.12 0.16 98
40 0.12 0.18 104
40 0.12 0.22 104
40 0.12 0.2 99
40 0.12 0.24 108
40 0.12 0.28 105
40 0.12 0.3 105
40 0.12 0.26 100
40 0.12 0.32 110
40 0.12 0.34 108
40 0.12 0.36 107
40 0.12 0.4 112
40 0.12 0.38 107
40 0.12 0.42 114
40 0.12 0.44 115
40 0.12 0.48 116
40 0.12 0.46 112
40 0.12 0.5 126
40 0.12 0.52 128
40 0.12 0.56 138
40 0.12 0.54 128
40 0.12 0.58 155
40 0.12 0.6 147
40 0.12 0.62 161
40 0.12 0.64 176
40 0.12 0.66 223
40 0.12 0.68 267
40 0.12 0.7 302
40 0.12 0.72 400
40 0.12 0.74 363
40 0.12 0.76 358
40 0.12 0.78 863
40 0.12 0.8 688
40 0.12 0.84 1000
40 0.12 0.82 636
40 0.12 0.86 1000
40 0.12 0.88 1000
40 0.12 0.9 1000
40 0.12 0.92 1000
40 0.12 0.94 1000
40 0.12 0.96 1000
40 0.12 1 1000
40 0.12 0.98 1000
40 0.14 0 91
40 0.14 0.02 89
40 0.14 0.06 91
40 0.14 0.04 95
40 0.14 0.08 95
40 0.14 0.1 94
40 0.14 0.12 91
40 0.14 0.14 89
40 0.14 0.16 91
40 0.14 0.18 96
40 0.14 0.2 92
40 0.14 0.22 91
40 0.14 0.24 95
40 0.14 0.26 96
40 0.14 0.28 101
40 0.14 0.3 99
40 0.14 0.32 93
40 0.14 0.34 98
40 0.14 0.38 98
40 0.14 0.36 96
40 0.14 0.4 98
40 0.14 0.42 97
40 0.14 0.44 100
40 0.14 0.46 102
40 0.14 0.48 101
40 0.14 0.5 105
40 0.14 0.52 112
40 0.14 0.54 108
40 0.14 0.58 124
40 0.14 0.56 114
40 0.14 0.6 127
40 0.14 0.64 135
40 0.14 0.62 122
40 0.14 0.66 129
40 0.14 0.68 137
40 0.14 0.72 240
40 0.14 0.7 137
40 0.14 0.74 339
40 0.14 0.76 217
40 0.14 0.78 379
40 0.14 0.8 510
40 0.14 0.82 422
40 0.14 0.84 950
40 0.14 0.86 939
40 0.14 0.88 918
40 0.14 0.9 1000
40 0.14 0.92 1000
40 0.14 0.94 1000
40 0.14 0.96 1000
40 0.14 0.98 1000
40 0.14 1 1000
40 0.16 0 84
40 0.16 0.02 83
40 0.16 0.04 89
40 0.16 0.06 88
40 0.16 0.08 82
40 0.16 0.1 85
40 0.16 0.14 91
40 0.16 0.12 88
40 0.16 0.16 88
40 0.16 0.18 87
40 0.16 0.2 88
40 0.16 0.22 90
40 0.16 0.26 90
40 0.16 0.24 83
40 0.16 0.28 86
40 0.16 0.3 89
40 0.16 0.32 85
40 0.16 0.34 85
40 0.16 0.36 85
40 0.16 0.38 89
40 0.16 0.4 92
40 0.16 0.42 90
40 0.16 0.44 93
40 0.16 0.46 92
40 0.16 0.48 92
40 0.16 0.5 97
40 0.16 0.54 99
40 0.16 0.52 98
40 0.16 0.56 105
40 0.16 0.58 107
40 0.16 0.6 106
40 0.16 0.62 108
40 0.16 0.64 117
40 0.16 0.66 133
40 0.16 0.68 137
40 0.16 0.7 138
40 0.16 0.72 141
40 0.16 0.74 197
40 0.16 0.76 223
40 0.16 0.78 383
40 0.16 0.8 276
40 0.16 0.82 299
40 0.16 0.84 372
40 0.16 0.86 350
40 0.16 0.88 1000
40 0.16 0.92 1000
40 0.16 0.9 652
40 0.16 0.94 1000
40 0.16 0.96 1000
40 0.16 1 1000
40 0.16 0.98 1000
40 0.18 0 77
40 0.18 0.02 73
40 0.18 0.04 77
40 0.18 0.06 81
40 0.18 0.08 81
40 0.18 0.1 82
40 0.18 0.12 83
40 0.18 0.14 82
40 0.18 0.16 77
40 0.18 0.18 77
40 0.18 0.2 81
40 0.18 0.22 79
40 0.18 0.24 75
40 0.18 0.26 79
40 0.18 0.28 77
40 0.18 0.3 78
40 0.18 0.32 77
40 0.18 0.34 79
40 0.18 0.36 82
40 0.18 0.38 80
40 0.18 0.4 79
40 0.18 0.42 78
40 0.18 0.44 79
40 0.18 0.46 84
40 0.18 0.48 85
40 0.18 0.52 83
40 0.18 0.5 85
40 0.18 0.54 89
40 0.18 0.56 86
40 0.18 0.58 92
40 0.18 0.6 94
40 0.18 0.62 85
40 0.18 0.64 96
40 0.18 0.7 113
40 0.18 0.66 100
40 0.18 0.68 113
40 0.18 0.72 143
40 0.18 0.74 134
40 0.18 0.76 141
40 0.18 0.78 180
40 0.18 0.8 189
40 0.18 0.82 280
40 0.18 0.86 575
40 0.18 0.84 320
40 0.18 0.88 575
40 0.18 0.9 661
40 0.18 0.92 544
40 0.18 0.94 1000
40 0.18 0.96 1000
40 0.18 0.98 1000
40 0.2 0 72
40 0.18 1 1000
40 0.2 0.02 68
40 0.2 0.04 68
40 0.2 0.08 71
40 0.2 0.06 71
40 0.2 0.1 70
40 0.2 0.14 72
40 0.2 0.12 74
40 0.2 0.16 71
40 0.2 0.18 72
40 0.2 0.2 71
40 0.2 0.24 71
40 0.2 0.22 68
40 0.2 0.28 72
40 0.2 0.26 77
40 0.2 0.3 75
40 0.2 0.32 78
40 0.2 0.36 75
40 0.2 0.34 73
40 0.2 0.38 76
40 0.2 0.4 74
40 0.2 0.42 71
40 0.2 0.44 77
40 0.2 0.46 74
40 0.2 0.48 81
40 0.2 0.52 80
40 0.2 0.5 75
40 0.2 0.54 81
40 0.2 0.56 80
40 0.2 0.58 77
40 0.2 0.6 80
40 0.2 0.62 82
40 0.2 0.64 82
40 0.2 0.66 90
40 0.2 0.68 87
40 0.2 0.7 96
40 0.2 0.72 108
40 0.2 0.74 107
40 0.2 0.76 120
40 0.2 0.8 140
40 0.2 0.78 131
40 0.2 0.82 156
40 0.2 0.84 292
40 0.2 0.86 360
40 0.2 0.88 460
40 0.2 0.92 453
40 0.2 0.9 682
40 0.2 0.94 1000
40 0.2 0.96 1000
40 0.2 0.98 1000
40 0.2 1 1000
40 0.22 0 68
40 0.22 0.02 70
40 0.22 0.04 72
40 0.22 0.06 71
40 0.22 0.08 71
40 0.22 0.1 69
40 0.22 0.14 70
40 0.22 0.12 67
40 0.22 0.16 71
40 0.22 0.18 67
40 0.22 0.2 72
40 0.22 0.22 72
40 0.22 0.24 70
40 0.22 0.26 69
40 0.22 0.28 72
40 0.22 0.3 70
40 0.22 0.32 69
40 0.22 0.34 67
40 0.22 0.36 69
40 0.22 0.38 71
40 0.22 0.4 72
40 0.22 0.42 70
40 0.22 0.44 75
40 0.22 0.46 70
40 0.22 0.48 69
40 0.22 0.5 72
40 0.22 0.52 75
40 0.22 0.54 73
40 0.22 0.56 72
40 0.22 0.58 74
40 0.22 0.6 76
40 0.22 0.62 77
40 0.22 0.66 79
40 0.22 0.64 82
40 0.22 0.68 81
40 0.22 0.7 88
40 0.22 0.72 94
40 0.22 0.74 102
40 0.22 0.76 114
40 0.22 0.78 114
40 0.22 0.8 146
40 0.22 0.82 177
40 0.22 0.84 176
40 0.22 0.86 324
40 0.22 0.88 323
40 0.22 0.9 299
40 0.22 0.92 1000
40 0.22 0.94 1000
40 0.22 0.96 1000
40 0.22 1 1000
40 0.22 0.98 1000
40 0.24 0 67
40 0.24 0.02 68
40 0.24 0.04 69
40 0.24 0.06 66
40 0.24 0.1 65
40 0.24 0.08 66
40 0.24 0.12 64
40 0.24 0.14 64
40 0.24 0.16 65
40 0.24 0.18 66
40 0.24 0.2 66
40 0.24 0.22 66
40 0.24 0.24 66
40 0.24 0.26 67
40 0.24 0.28 69
40 0.24 0.3 67
40 0.24 0.32 65
40 0.24 0.34 67
40 0.24 0.36 67
40 0.24 0.38 71
40 0.24 0.4 66
40 0.24 0.42 69
40 0.24 0.44 73
40 0.24 0.46 74
40 0.24 0.48 73
40 0.24 0.5 70
40 0.24 0.52 73
40 0.24 0.54 76
40 0.24 0.56 77
40 0.24 0.58 75
40 0.24 0.6 76
40 0.24 0.62 76
40 0.24 0.64 75
40 0.24 0.66 80
40 0.24 0.68 78
40 0.24 0.7 86
40 0.24 0.72 91
40 0.24 0.74 92
40 0.24 0.76 101
40 0.24 0.78 109
40 0.24 0.8 137
40 0.24 0.82 161
40 0.24 0.84 161
40 0.24 0.86 209
40 0.24 0.88 278
40 0.24 0.9 377
40 0.24 0.92 408
40 0.24 0.94 728
40 0.24 0.96 1000
40 0.24 0.98 1000
40 0.24 1 1000
40 0.26 0 67
40 0.26 0.02 67
40 0.26 0.04 68
40 0.26 0.06 65
40 0.26 0.08 66
40 0.26 0.1 66
40 0.26 0.12 67
40 0.26 0.14 66
40 0.26 0.16 65
40 0.26 0.18 64
40 0.26 0.2 65
40 0.26 0.22 66
40 0.26 0.24 67
40 0.26 0.26 64
40 0.26 0.28 63
40 0.26 0.3 61
40 0.26 0.32 63
40 0.26 0.34 64
40 0.26 0.36 61
40 0.26 0.38 63
40 0.26 0.4 62
40 0.26 0.42 62
40 0.26 0.44 61
40 0.26 0.46 63
40 0.26 0.5 64
40 0.26 0.48 65
40 0.26 0.52 66
40 0.26 0.54 65
40 0.26 0.56 67
40 0.26 0.58 67
40 0.26 0.6 68
40 0.26 0.64 68
40 0.26 0.62 67
40 0.26 0.66 70
40 0.26 0.68 69
40 0.26 0.72 74
40 0.26 0.7 73
40 0.26 0.74 75
40 0.26 0.76 81
40 0.26 0.78 82
40 0.26 0.8 89
40 0.26 0.82 95
40 0.26 0.84 161
40 0.26 0.86 139
40 0.26 0.88 214
40 0.26 0.9 184
40 0.26 0.92 256
40 0.26 0.94 478
40 0.26 0.96 1000
40 0.26 0.98 388
40 0.26 1 1000
40 0.28 0 59
40 0.28 0.02 60
40 0.28 0.04 59
40 0.28 0.06 61
40 0.28 0.08 59
40 0.28 0.1 60
40 0.28 0.12 62
40 0.28 0.14 62
40 0.28 0.18 63
40 0.28 0.16 64
40 0.28 0.2 64
40 0.28 0.22 61
40 0.28 0.24 62
40 0.28 0.26 62
40 0.28 0.28 62
40 0.28 0.3 63
40 0.28 0.32 64
40 0.28 0.34 58
40 0.28 0.36 61
40 0.28 0.38 60
40 0.28 0.4 59
40 0.28 0.42 62
40 0.28 0.44 62
40 0.28 0.46 65
40 0.28 0.48 64
40 0.28 0.5 65
40 0.28 0.52 66
40 0.28 0.54 67
40 0.28 0.58 67
40 0.28 0.56 65
40 0.28 0.6 66
40 0.28 0.62 66
40 0.28 0.64 67
40 0.28 0.66 67
40 0.28 0.68 68
40 0.28 0.7 70
40 0.28 0.74 74
40 0.28 0.72 73
40 0.28 0.76 82
40 0.28 0.78 92
40 0.28 0.8 85
40 0.28 0.82 94
40 0.28 0.84 112
40 0.28 0.86 139
40 0.28 0.9 169
40 0.28 0.88 206
40 0.28 0.92 213
40 0.28 0.98 1000
40 0.28 0.94 437
40 0.28 0.96 504
40 0.28 1 1000
40 0.3 0 61
40 0.3 0.04 60
40 0.3 0.02 60
40 0.3 0.06 60
40 0.3 0.08 59
40 0.3 0.1 61
40 0.3 0.12 58
40 0.3 0.14 60
40 0.3 0.16 61
40 0.3 0.18 58
40 0.3 0.2 60
40 0.3 0.22 60
40 0.3 0.24 59
40 0.3 0.26 59
40 0.3 0.28 59
40 0.3 0.3 58
40 0.3 0.32 59
40 0.3 0.36 63
40 0.3 0.34 57
40 0.3 0.38 61
40 0.3 0.4 64
40 0.3 0.42 62
40 0.3 0.44 61
40 0.3 0.46 60
40 0.3 0.48 62
40 0.3 0.52 65
40 0.3 0.54 63
40 0.3 0.5 62
40 0.3 0.56 61
40 0.3 0.62 64
40 0.3 0.58 62
40 0.3 0.6 63
40 0.3 0.64 63
40 0.3 0.66 66
40 0.3 0.68 64
40 0.3 0.7 68
40 0.3 0.72 68
40 0.3 0.74 69
40 0.3 0.76 74
40 0.3 0.78 82
40 0.3 0.8 84
40 0.3 0.82 85
40 0.3 0.84 89
40 0.3 0.86 115
40 0.3 0.88 156
40 0.3 0.9 180
40 0.3 0.92 168
40 0.3 0.94 152
40 0.3 0.96 547
40 0.3 0.98 1000
40 0.3 1 270
40 0.32 0 58
40 0.32 0.02 57
40 0.32 0.04 57
40 0.32 0.06 57
40 0.32 0.08 57
40 0.32 0.1 55
40 0.32 0.12 56
40 0.32 0.14 57
40 0.32 0.16 56
40 0.32 0.18 56
40 0.32 0.2 57
40 0.32 0.22 60
40 0.32 0.24 57
40 0.32 0.26 58
40 0.32 0.28 57
40 0.32 0.3 58
40 0.32 0.32 60
40 0.32 0.34 59
40 0.32 0.36 61
40 0.32 0.38 58
40 0.32 0.4 57
40 0.32 0.42 58
40 0.32 0.44 58
40 0.32 0.46 60
40 0.32 0.48 59
40 0.32 0.5 59
40 0.32 0.54 60
40 0.32 0.52 58
40 0.32 0.56 61
40 0.32 0.58 61
40 0.32 0.6 63
40 0.32 0.62 62
40 0.32 0.64 63
40 0.32 0.66 61
40 0.32 0.7 66
40 0.32 0.68 65
40 0.32 0.72 65
40 0.32 0.74 67
40 0.32 0.78 71
40 0.32 0.76 68
40 0.32 0.8 74
40 0.32 0.86 92
40 0.32 0.82 79
40 0.32 0.84 80
40 0.32 0.88 110
40 0.32 0.94 186
40 0.32 0.92 230
40 0.32 0.9 126
40 0.32 0.96 809
40 0.32 1 1000
40 0.32 0.98 1000
40 0.34 0 56
40 0.34 0.02 59
40 0.34 0.06 58
40 0.34 0.04 56
40 0.34 0.08 57
40 0.34 0.1 56
40 0.34 0.12 54
40 0.34 0.14 56
40 0.34 0.16 54
40 0.34 0.18 55
40 0.34 0.2 57
40 0.34 0.24 58
40 0.34 0.22 56
40 0.34 0.26 57
40 0.34 0.28 57
40 0.34 0.3 57
40 0.34 0.34 56
40 0.34 0.32 58
40 0.34 0.38 57
40 0.34 0.36 58
40 0.34 0.4 59
40 0.34 0.42 58
40 0.34 0.46 56
40 0.34 0.44 56
40 0.34 0.48 56
40 0.34 0.5 57
40 0.34 0.54 56
40 0.34 0.52 58
40 0.34 0.56 57
40 0.34 0.58 57
40 0.34 0.62 58
40 0.34 0.6 58
40 0.34 0.64 59
40 0.34 0.66 61
40 0.34 0.68 60
40 0.34 0.7 62
40 0.34 0.72 62
40 0.34 0.74 64
40 0.34 0.78 69
40 0.34 0.76 66
40 0.34 0.8 69
40 0.34 0.82 73
40 0.34 0.84 76
40 0.34 0.86 88
40 0.34 0.88 113
40 0.34 0.9 98
40 0.34 0.92 163
40 0.34 0.96 212
40 0.34 0.94 154
40 0.34 0.98 218
40 0.36 0 52
40 0.34 1 333
40 0.36 0.04 53
40 0.36 0.02 53
40 0.36 0.06 52
40 0.36 0.08 52
40 0.36 0.1 54
40 0.36 0.12 55
40 0.36 0.14 55
40 0.36 0.16 55
40 0.36 0.18 55
40 0.36 0.2 55
40 0.36 0.22 54
40 0.36 0.24 54
40 0.36 0.26 55
40 0.36 0.28 55
40 0.36 0.3 54
40 0.36 0.32 55
40 0.36 0.34 54
40 0.36 0.36 54
40 0.36 0.38 55
40 0.36 0.4 56
40 0.36 0.42 57
40 0.36 0.44 56
40 0.36 0.46 56
40 0.36 0.48 60
40 0.36 0.5 57
40 0.36 0.52 56
40 0.36 0.54 56
40 0.36 0.58 56
40 0.36 0.56 58
40 0.36 0.6 57
40 0.36 0.64 57
40 0.36 0.66 57
40 0.36 0.62 58
40 0.36 0.68 61
40 0.36 0.7 58
40 0.36 0.72 60
40 0.36 0.74 63
40 0.36 0.76 63
40 0.36 0.78 66
40 0.36 0.8 64
40 0.36 0.82 72
40 0.36 0.84 74
40 0.36 0.86 75
40 0.36 0.88 88
40 0.36 0.9 115
40 0.36 0.92 114
40 0.36 0.94 93
40 0.36 0.96 205
40 0.36 0.98 323
40 0.36 1 1000
40 0.38 0 54
40 0.38 0.02 53
40 0.38 0.04 52
40 0.38 0.06 52
40 0.38 0.08 53
40 0.38 0.1 51
40 0.38 0.12 52
40 0.38 0.14 53
40 0.38 0.16 52
40 0.38 0.18 54
40 0.38 0.22 53
40 0.38 0.2 53
40 0.38 0.24 52
40 0.38 0.26 52
40 0.38 0.3 54
40 0.38 0.28 52
40 0.38 0.32 53
40 0.38 0.34 54
40 0.38 0.36 54
40 0.38 0.38 55
40 0.38 0.4 55
40 0.38 0.44 52
40 0.38 0.42 51
40 0.38 0.46 52
40 0.38 0.48 52
40 0.38 0.5 51
40 0.38 0.52 52
40 0.38 0.54 52
40 0.38 0.56 53
40 0.38 0.58 51
40 0.38 0.6 52
40 0.38 0.62 52
40 0.38 0.64 53
40 0.38 0.66 54
40 0.38 0.7 56
40 0.38 0.68 52
40 0.38 0.72 56
40 0.38 0.74 55
40 0.38 0.76 58
40 0.38 0.78 61
40 0.38 0.8 60
40 0.38 0.82 65
40 0.38 0.84 65
40 0.38 0.86 74
40 0.38 0.88 73
40 0.38 0.92 94
40 0.38 0.9 87
40 0.38 0.94 115
40 0.38 0.96 209
40 0.38 1 739
40 0.38 0.98 202
40 0.4 0 50
40 0.4 0.02 49
40 0.4 0.04 51
40 0.4 0.06 50
40 0.4 0.08 50
40 0.4 0.1 50
40 0.4 0.12 50
40 0.4 0.14 50
40 0.4 0.16 50
40 0.4 0.18 50
40 0.4 0.2 49
40 0.4 0.24 50
40 0.4 0.22 50
40 0.4 0.26 52
40 0.4 0.3 51
40 0.4 0.28 51
40 0.4 0.32 52
40 0.4 0.34 50
40 0.4 0.36 51
40 0.4 0.38 52
40 0.4 0.4 51
40 0.4 0.42 50
40 0.4 0.46 50
40 0.4 0.44 52
40 0.4 0.48 52
40 0.4 0.5 52
40 0.4 0.52 53
40 0.4 0.54 52
40 0.4 0.56 53
40 0.4 0.58 52
40 0.4 0.6 52
40 0.4 0.62 53
40 0.4 0.64 52
40 0.4 0.66 53
40 0.4 0.68 53
40 0.4 0.7 54
40 0.4 0.72 53
40 0.4 0.74 53
40 0.4 0.76 58
40 0.4 0.78 58
40 0.4 0.8 58
40 0.4 0.82 61
40 0.4 0.84 62
40 0.4 0.86 67
40 0.4 0.88 71
40 0.4 0.9 79
40 0.4 0.92 98
40 0.4 0.94 111
40 0.4 0.96 189
40 0.4 0.98 155
40 0.42 0 48
40 0.4 1 185
40 0.42 0.02 50
40 0.42 0.04 49
40 0.42 0.08 49
40 0.42 0.06 48
40 0.42 0.1 49
40 0.42 0.12 50
40 0.42 0.14 49
40 0.42 0.16 48
40 0.42 0.18 49
40 0.42 0.2 48
40 0.42 0.22 48
40 0.42 0.24 48
40 0.42 0.26 49
40 0.42 0.3 48
40 0.42 0.28 47
40 0.42 0.32 49
40 0.42 0.34 48
40 0.42 0.38 49
40 0.42 0.36 48
40 0.42 0.4 49
40 0.42 0.42 50
40 0.42 0.44 49
40 0.42 0.46 49
40 0.42 0.48 50
40 0.42 0.5 49
40 0.42 0.52 49
40 0.42 0.54 50
40 0.42 0.56 50
40 0.42 0.58 50
40 0.42 0.6 51
40 0.42 0.62 50
40 0.42 0.64 51
40 0.42 0.66 52
40 0.42 0.68 52
40 0.42 0.7 52
40 0.42 0.72 52
40 0.42 0.74 54
40 0.42 0.76 55
40 0.42 0.78 55
40 0.42 0.8 55
40 0.42 0.82 59
40 0.42 0.84 63
40 0.42 0.86 63
40 0.42 0.88 69
40 0.42 0.9 72
40 0.42 0.92 87
40 0.42 0.94 98
40 0.42 0.96 104
40 0.42 0.98 191
40 0.42 1 432
40 0.44 0 48
40 0.44 0.02 49
40 0.44 0.04 49
40 0.44 0.06 49
40 0.44 0.08 48
40 0.44 0.1 49
40 0.44 0.12 49
40 0.44 0.14 49
40 0.44 0.16 49
40 0.44 0.18 49
40 0.44 0.2 48
40 0.44 0.24 48
40 0.44 0.22 48
40 0.44 0.26 48
40 0.44 0.28 49
40 0.44 0.3 48
40 0.44 0.32 48
40 0.44 0.34 49
40 0.44 0.36 49
40 0.44 0.38 49
40 0.44 0.4 50
40 0.44 0.42 50
40 0.44 0.44 50
40 0.44 0.46 49
40 0.44 0.48 49
40 0.44 0.5 50
40 0.44 0.52 50
40 0.44 0.54 50
40 0.44 0.56 50
40 0.44 0.58 50
40 0.44 0.6 52
40 0.44 0.62 51
40 0.44 0.64 51
40 0.44 0.66 52
40 0.44 0.68 53
40 0.44 0.7 52
40 0.44 0.72 51
40 0.44 0.74 51
40 0.44 0.76 55
40 0.44 0.78 56
40 0.44 0.8 56
40 0.44 0.82 55
40 0.44 0.84 61
40 0.44 0.86 62
40 0.44 0.88 66
40 0.44 0.9 66
40 0.44 0.92 82
40 0.44 0.94 84
40 0.44 0.96 110
40 0.44 0.98 199
40 0.44 1 192
40 0.46 0 50
40 0.46 0.02 48
40 0.46 0.04 49
40 0.46 0.06 49
40 0.46 0.08 49
40 0.46 0.1 49
40 0.46 0.12 49
40 0.46 0.14 50
40 0.46 0.16 49
40 0.46 0.18 48
40 0.46 0.2 49
40 0.46 0.22 49
40 0.46 0.24 49
40 0.46 0.26 50
40 0.46 0.28 49
40 0.46 0.3 48
40 0.46 0.34 47
40 0.46 0.32 48
40 0.46 0.36 49
40 0.46 0.38 48
40 0.46 0.4 48
40 0.46 0.42 48
40 0.46 0.44 49
40 0.46 0.48 48
40 0.46 0.46 49
40 0.46 0.5 50
40 0.46 0.52 49
40 0.46 0.54 49
40 0.46 0.56 50
40 0.46 0.58 48
40 0.46 0.6 51
40 0.46 0.62 48
40 0.46 0.64 50
40 0.46 0.66 51
40 0.46 0.68 50
40 0.46 0.7 52
40 0.46 0.72 52
40 0.46 0.74 51
40 0.46 0.76 52
40 0.46 0.78 51
40 0.46 0.8 53
40 0.46 0.82 53
40 0.46 0.84 56
40 0.46 0.86 58
40 0.46 0.88 62
40 0.46 0.9 66
40 0.46 0.92 67
40 0.46 0.94 84
40 0.46 0.96 106
40 0.46 0.98 119
40 0.46 1 107
40 0.48 0 47
40 0.48 0.02 47
40 0.48 0.04 47
40 0.48 0.06 48
40 0.48 0.08 49
40 0.48 0.1 48
40 0.48 0.12 48
40 0.48 0.14 47
40 0.48 0.16 47
40 0.48 0.2 47
40 0.48 0.18 48
40 0.48 0.22 47
40 0.48 0.24 46
40 0.48 0.26 47
40 0.48 0.28 46
40 0.48 0.3 46
40 0.48 0.32 46
40 0.48 0.34 46
40 0.48 0.36 46
40 0.48 0.38 46
40 0.48 0.4 46
40 0.48 0.42 47
40 0.48 0.44 47
40 0.48 0.46 48
40 0.48 0.48 47
40 0.48 0.5 48
40 0.48 0.52 47
40 0.48 0.54 47
40 0.48 0.58 48
40 0.48 0.56 47
40 0.48 0.6 49
40 0.48 0.62 48
40 0.48 0.64 49
40 0.48 0.66 49
40 0.48 0.68 49
40 0.48 0.7 50
40 0.48 0.72 50
40 0.48 0.74 50
40 0.48 0.76 51
40 0.48 0.78 51
40 0.48 0.8 54
40 0.48 0.82 52
40 0.48 0.84 54
40 0.48 0.86 53
40 0.48 0.88 59
40 0.48 0.92 75
40 0.48 0.94 84
40 0.48 0.9 61
40 0.48 0.96 117
40 0.48 0.98 112
40 0.48 1 206
40 0.5 0 46
40 0.5 0.02 47
40 0.5 0.06 47
40 0.5 0.04 46
40 0.5 0.08 46
40 0.5 0.1 45
40 0.5 0.14 47
40 0.5 0.12 46
40 0.5 0.16 47
40 0.5 0.18 46
40 0.5 0.2 47
40 0.5 0.24 48
40 0.5 0.22 48
40 0.5 0.26 47
40 0.5 0.28 47
40 0.5 0.3 46
40 0.5 0.32 46
40 0.5 0.34 47
40 0.5 0.36 47
40 0.5 0.38 47
40 0.5 0.4 47
40 0.5 0.42 47
40 0.5 0.44 47
40 0.5 0.46 46
40 0.5 0.48 47
40 0.5 0.5 47
40 0.5 0.52 48
40 0.5 0.54 48
40 0.5 0.56 48
40 0.5 0.58 47
40 0.5 0.6 47
40 0.5 0.62 47
40 0.5 0.64 49
40 0.5 0.66 48
40 0.5 0.68 49
40 0.5 0.7 49
40 0.5 0.72 49
40 0.5 0.76 51
40 0.5 0.74 49
40 0.5 0.8 52
40 0.5 0.78 50
40 0.5 0.84 52
40 0.5 0.82 52
40 0.5 0.86 54
40 0.5 0.88 54
40 0.5 0.9 63
40 0.5 0.92 64
40 0.5 0.94 62
40 0.5 0.96 85
40 0.5 0.98 113
40 0.5 1 113
40 0.52 0 45
40 0.52 0.02 45
40 0.52 0.04 45
40 0.52 0.06 45
40 0.52 0.08 46
40 0.52 0.1 46
40 0.52 0.12 46
40 0.52 0.16 46
40 0.52 0.14 47
40 0.52 0.18 46
40 0.52 0.2 46
40 0.52 0.22 46
40 0.52 0.24 46
40 0.52 0.26 46
40 0.52 0.28 46
40 0.52 0.3 46
40 0.52 0.32 46
40 0.52 0.34 47
40 0.52 0.36 46
40 0.52 0.38 47
40 0.52 0.4 47
40 0.52 0.42 46
40 0.52 0.44 46
40 0.52 0.46 46
40 0.52 0.48 47
40 0.52 0.5 46
40 0.52 0.52 46
40 0.52 0.54 46
40 0.52 0.56 46
40 0.52 0.58 46
40 0.52 0.6 46
40 0.52 0.64 47
40 0.52 0.62 46
40 0.52 0.66 47
40 0.52 0.68 49
40 0.52 0.7 48
40 0.52 0.72 48
40 0.52 0.74 50
40 0.52 0.76 49
40 0.52 0.8 50
40 0.52 0.78 52
40 0.52 0.82 52
40 0.52 0.84 53
40 0.52 0.86 55
40 0.52 0.88 56
40 0.52 0.9 55
40 0.52 0.92 63
40 0.52 0.94 68
40 0.52 0.96 72
40 0.52 0.98 85
40 0.52 1 187
40 0.54 0 45
40 0.54 0.02 45
40 0.54 0.04 46
40 0.54 0.06 45
40 0.54 0.08 45
40 0.54 0.12 45
40 0.54 0.1 45
40 0.54 0.14 45
40 0.54 0.16 45
40 0.54 0.2 45
40 0.54 0.18 45
40 0.54 0.22 44
40 0.54 0.24 45
40 0.54 0.26 45
40 0.54 0.28 45
40 0.54 0.3 45
40 0.54 0.32 46
40 0.54 0.34 46
40 0.54 0.36 45
40 0.54 0.38 45
40 0.54 0.4 44
40 0.54 0.42 45
40 0.54 0.44 45
40 0.54 0.46 44
40 0.54 0.48 46
40 0.54 0.5 46
40 0.54 0.52 45
40 0.54 0.56 45
40 0.54 0.54 46
40 0.54 0.6 46
40 0.54 0.58 45
40 0.54 0.62 45
40 0.54 0.64 46
40 0.54 0.68 47
40 0.54 0.66 46
40 0.54 0.7 46
40 0.54 0.72 48
40 0.54 0.74 47
40 0.54 0.76 48
40 0.54 0.78 48
40 0.54 0.8 49
40 0.54 0.82 50
40 0.54 0.84 51
40 0.54 0.86 52
40 0.54 0.88 54
40 0.54 0.9 59
40 0.54 0.92 59
40 0.54 0.94 63
40 0.54 0.96 64
40 0.54 0.98 90
40 0.54 1 211
40 0.56 0 44
40 0.56 0.02 44
40 0.56 0.04 45
40 0.56 0.06 44
40 0.56 0.08 43
40 0.56 0.1 44
40 0.56 0.12 43
40 0.56 0.14 44
40 0.56 0.16 44
40 0.56 0.18 44
40 0.56 0.2 44
40 0.56 0.22 44
40 0.56 0.24 45
40 0.56 0.26 44
40 0.56 0.28 44
40 0.56 0.3 44
40 0.56 0.32 44
40 0.56 0.34 44
40 0.56 0.36 44
40 0.56 0.38 43
40 0.56 0.4 44
40 0.56 0.42 45
40 0.56 0.44 45
40 0.56 0.46 44
40 0.56 0.48 43
40 0.56 0.5 45
40 0.56 0.52 44
40 0.56 0.54 45
40 0.56 0.56 44
40 0.56 0.58 44
40 0.56 0.6 44
40 0.56 0.62 45
40 0.56 0.64 46
40 0.56 0.66 46
40 0.56 0.68 46
40 0.56 0.7 46
40 0.56 0.72 48
40 0.56 0.74 47
40 0.56 0.76 46
40 0.56 0.78 47
40 0.56 0.8 49
40 0.56 0.82 48
40 0.56 0.84 51
40 0.56 0.86 52
40 0.56 0.88 53
40 0.56 0.9 57
40 0.56 0.92 59
40 0.56 0.94 71
40 0.56 0.96 65
40 0.56 0.98 96
40 0.56 1 140
40 0.58 0 43
40 0.58 0.02 43
40 0.58 0.04 43
40 0.58 0.06 44
40 0.58 0.08 43
40 0.58 0.1 42
40 0.58 0.12 42
40 0.58 0.14 43
40 0.58 0.18 43
40 0.58 0.16 43
40 0.58 0.2 43
40 0.58 0.22 43
40 0.58 0.24 43
40 0.58 0.26 43
40 0.58 0.28 44
40 0.58 0.3 43
40 0.58 0.32 43
40 0.58 0.34 44
40 0.58 0.36 44
40 0.58 0.38 44
40 0.58 0.4 44
40 0.58 0.42 43
40 0.58 0.44 43
40 0.58 0.46 43
40 0.58 0.48 44
40 0.58 0.52 44
40 0.58 0.5 44
40 0.58 0.54 44
40 0.58 0.56 44
40 0.58 0.58 45
40 0.58 0.6 45
40 0.58 0.62 45
40 0.58 0.64 45
40 0.58 0.66 45
40 0.58 0.68 45
40 0.58 0.7 46
40 0.58 0.72 47
40 0.58 0.74 46
40 0.58 0.78 45
40 0.58 0.76 46
40 0.58 0.8 48
40 0.58 0.82 48
40 0.58 0.86 49
40 0.58 0.84 50
40 0.58 0.88 51
40 0.58 0.9 55
40 0.58 0.92 55
40 0.58 0.94 60
40 0.58 0.98 88
40 0.58 0.96 68
40 0.58 1 98
40 0.6 0 42
40 0.6 0.02 42
40 0.6 0.04 42
40 0.6 0.06 42
40 0.6 0.08 42
40 0.6 0.1 43
40 0.6 0.12 43
40 0.6 0.14 43
40 0.6 0.16 43
40 0.6 0.18 43
40 0.6 0.2 43
40 0.6 0.22 43
40 0.6 0.24 43
40 0.6 0.26 43
40 0.6 0.28 43
40 0.6 0.3 44
40 0.6 0.32 43
40 0.6 0.34 43
40 0.6 0.36 43
40 0.6 0.38 42
40 0.6 0.4 43
40 0.6 0.42 43
40 0.6 0.44 43
40 0.6 0.46 43
40 0.6 0.48 43
40 0.6 0.5 44
40 0.6 0.52 43
40 0.6 0.54 44
40 0.6 0.56 44
40 0.6 0.58 44
40 0.6 0.6 44
40 0.6 0.62 43
40 0.6 0.64 45
40 0.6 0.66 44
40 0.6 0.68 45
40 0.6 0.7 45
40 0.6 0.72 45
40 0.6 0.74 46
40 0.6 0.76 45
40 0.6 0.78 47
40 0.6 0.8 47
40 0.6 0.82 47
40 0.6 0.84 48
40 0.6 0.86 49
40 0.6 0.88 51
40 0.6 0.9 51
40 0.6 0.92 60
40 0.6 0.94 59
40 0.6 0.96 78
40 0.6 0.98 85
40 0.6 1 89
40 0.62 0 42
40 0.62 0.02 41
40 0.62 0.04 41
40 0.62 0.06 42
40 0.62 0.08 42
40 0.62 0.1 43
40 0.62 0.12 42
40 0.62 0.14 42
40 0.62 0.16 43
40 0.62 0.18 42
40 0.62 0.2 42
40 0.62 0.22 42
40 0.62 0.24 42
40 0.62 0.26 42
40 0.62 0.28 42
40 0.62 0.32 42
40 0.62 0.3 42
40 0.62 0.34 42
40 0.62 0.36 43
40 0.62 0.4 43
40 0.62 0.38 42
40 0.62 0.42 43
40 0.62 0.44 43
40 0.62 0.48 42
40 0.62 0.46 42
40 0.62 0.5 43
40 0.62 0.52 43
40 0.62 0.54 43
40 0.62 0.56 43
40 0.62 0.58 43
40 0.62 0.6 44
40 0.62 0.62 43
40 0.62 0.64 43
40 0.62 0.66 45
40 0.62 0.7 44
40 0.62 0.68 45
40 0.62 0.72 44
40 0.62 0.74 45
40 0.62 0.76 44
40 0.62 0.78 45
40 0.62 0.8 46
40 0.62 0.84 47
40 0.62 0.82 47
40 0.62 0.86 48
40 0.62 0.88 50
40 0.62 0.92 56
40 0.62 0.9 49
40 0.62 0.94 59
40 0.62 0.96 57
40 0.62 1 78
40 0.62 0.98 85
40 0.64 0 43
40 0.64 0.02 44
40 0.64 0.04 43
40 0.64 0.06 43
40 0.64 0.08 43
40 0.64 0.1 42
40 0.64 0.12 42
40 0.64 0.14 43
40 0.64 0.16 43
40 0.64 0.18 44
40 0.64 0.2 43
40 0.64 0.22 43
40 0.64 0.24 43
40 0.64 0.26 43
40 0.64 0.3 43
40 0.64 0.28 43
40 0.64 0.32 43
40 0.64 0.34 43
40 0.64 0.36 43
40 0.64 0.38 44
40 0.64 0.42 43
40 0.64 0.4 43
40 0.64 0.44 44
40 0.64 0.48 44
40 0.64 0.46 44
40 0.64 0.5 44
40 0.64 0.52 44
40 0.64 0.54 44
40 0.64 0.56 44
40 0.64 0.58 44
40 0.64 0.6 44
40 0.64 0.62 44
40 0.64 0.66 45
40 0.64 0.64 44
40 0.64 0.68 44
40 0.64 0.72 45
40 0.64 0.7 45
40 0.64 0.74 45
40 0.64 0.78 46
40 0.64 0.76 45
40 0.64 0.8 46
40 0.64 0.82 47
40 0.64 0.84 47
40 0.64 0.86 49
40 0.64 0.88 50
40 0.64 0.9 52
40 0.64 0.92 54
40 0.64 0.94 57
40 0.64 0.96 64
40 0.64 0.98 67
40 0.64 1 85
40 0.66 0 42
40 0.66 0.02 42
40 0.66 0.04 42
40 0.66 0.06 42
40 0.66 0.08 42
40 0.66 0.1 43
40 0.66 0.12 42
40 0.66 0.14 42
40 0.66 0.16 42
40 0.66 0.18 43
40 0.66 0.2 42
40 0.66 0.22 43
40 0.66 0.24 43
40 0.66 0.26 42
40 0.66 0.28 42
40 0.66 0.3 43
40 0.66 0.32 42
40 0.66 0.36 43
40 0.66 0.34 43
40 0.66 0.38 43
40 0.66 0.4 43
40 0.66 0.42 43
40 0.66 0.44 43
40 0.66 0.46 43
40 0.66 0.48 43
40 0.66 0.52 43
40 0.66 0.5 44
40 0.66 0.56 44
40 0.66 0.54 43
40 0.66 0.58 43
40 0.66 0.6 43
40 0.66 0.62 44
40 0.66 0.64 44
40 0.66 0.66 44
40 0.66 0.68 44
40 0.66 0.7 45
40 0.66 0.72 45
40 0.66 0.76 45
40 0.66 0.74 45
40 0.66 0.8 47
40 0.66 0.78 46
40 0.66 0.84 47
40 0.66 0.82 47
40 0.66 0.86 49
40 0.66 0.88 47
40 0.66 0.9 51
40 0.66 0.92 54
40 0.66 0.94 58
40 0.66 0.96 59
40 0.66 0.98 69
40 0.66 1 87
40 0.68 0 42
40 0.68 0.02 42
40 0.68 0.04 42
40 0.68 0.06 42
40 0.68 0.1 42
40 0.68 0.08 42
40 0.68 0.14 42
40 0.68 0.12 42
40 0.68 0.16 42
40 0.68 0.18 43
40 0.68 0.2 42
40 0.68 0.22 42
40 0.68 0.26 43
40 0.68 0.24 42
40 0.68 0.28 41
40 0.68 0.3 42
40 0.68 0.34 42
40 0.68 0.32 42
40 0.68 0.36 42
40 0.68 0.38 42
40 0.68 0.4 42
40 0.68 0.42 42
40 0.68 0.44 42
40 0.68 0.46 43
40 0.68 0.48 42
40 0.68 0.5 42
40 0.68 0.52 42
40 0.68 0.54 43
40 0.68 0.56 43
40 0.68 0.58 43
40 0.68 0.6 43
40 0.68 0.62 43
40 0.68 0.64 43
40 0.68 0.66 43
40 0.68 0.68 43
40 0.68 0.7 44
40 0.68 0.72 44
40 0.68 0.74 44
40 0.68 0.76 45
40 0.68 0.78 45
40 0.68 0.8 46
40 0.68 0.82 46
40 0.68 0.84 46
40 0.68 0.86 47
40 0.68 0.88 47
40 0.68 0.9 49
40 0.68 0.92 50
40 0.68 0.94 54
40 0.68 0.96 65
40 0.68 0.98 64
40 0.68 1 100
40 0.7 0 41
40 0.7 0.02 42
40 0.7 0.04 42
40 0.7 0.06 42
40 0.7 0.08 42
40 0.7 0.1 42
40 0.7 0.12 42
40 0.7 0.14 42
40 0.7 0.16 42
40 0.7 0.18 42
40 0.7 0.2 42
40 0.7 0.22 42
40 0.7 0.24 41
40 0.7 0.26 42
40 0.7 0.28 42
40 0.7 0.3 43
40 0.7 0.32 42
40 0.7 0.34 42
40 0.7 0.36 42
40 0.7 0.38 42
40 0.7 0.4 43
40 0.7 0.42 42
40 0.7 0.44 42
40 0.7 0.46 42
40 0.7 0.48 42
40 0.7 0.5 43
40 0.7 0.54 43
40 0.7 0.52 43
40 0.7 0.56 43
40 0.7 0.58 43
40 0.7 0.6 43
40 0.7 0.62 43
40 0.7 0.64 42
40 0.7 0.66 43
40 0.7 0.68 43
40 0.7 0.7 43
40 0.7 0.72 44
40 0.7 0.74 44
40 0.7 0.76 45
40 0.7 0.78 46
40 0.7 0.8 45
40 0.7 0.82 46
40 0.7 0.84 45
40 0.7 0.86 46
40 0.7 0.88 46
40 0.7 0.9 49
40 0.7 0.92 52
40 0.7 0.94 54
40 0.7 0.96 56
40 0.7 0.98 61
40 0.7 1 68
40 0.72 0 41
40 0.72 0.02 41
40 0.72 0.04 41
40 0.72 0.06 41
40 0.72 0.08 41
40 0.72 0.1 41
40 0.72 0.12 41
40 0.72 0.14 40
40 0.72 0.16 41
40 0.72 0.18 41
40 0.72 0.2 41
40 0.72 0.24 41
40 0.72 0.22 41
40 0.72 0.26 41
40 0.72 0.28 41
40 0.72 0.3 41
40 0.72 0.32 42
40 0.72 0.34 42
40 0.72 0.36 41
40 0.72 0.38 41
40 0.72 0.4 41
40 0.72 0.42 41
40 0.72 0.44 41
40 0.72 0.46 41
40 0.72 0.48 41
40 0.72 0.5 41
40 0.72 0.52 42
40 0.72 0.54 42
40 0.72 0.56 42
40 0.72 0.58 42
40 0.72 0.62 42
40 0.72 0.6 42
40 0.72 0.64 43
40 0.72 0.66 42
40 0.72 0.68 42
40 0.72 0.7 42
40 0.72 0.72 42
40 0.72 0.74 43
40 0.72 0.76 43
40 0.72 0.78 43
40 0.72 0.8 44
40 0.72 0.82 45
40 0.72 0.84 44
40 0.72 0.86 46
40 0.72 0.88 47
40 0.72 0.9 47
40 0.72 0.92 53
40 0.72 0.94 56
40 0.72 0.96 57
40 0.72 0.98 65
40 0.72 1 71
40 0.74 0 40
40 0.74 0.02 40
40 0.74 0.04 40
40 0.74 0.08 40
40 0.74 0.06 41
40 0.74 0.1 40
40 0.74 0.12 40
40 0.74 0.14 40
40 0.74 0.18 40
40 0.74 0.16 40
40 0.74 0.2 40
40 0.74 0.22 41
40 0.74 0.24 40
40 0.74 0.26 40
40 0.74 0.28 40
40 0.74 0.3 40
40 0.74 0.32 40
40 0.74 0.34 41
40 0.74 0.36 41
40 0.74 0.38 40
40 0.74 0.42 41
40 0.74 0.4 40
40 0.74 0.44 41
40 0.74 0.48 41
40 0.74 0.46 42
40 0.74 0.5 41
40 0.74 0.52 41
40 0.74 0.56 41
40 0.74 0.54 41
40 0.74 0.58 41
40 0.74 0.64 41
40 0.74 0.6 41
40 0.74 0.62 41
40 0.74 0.66 41
40 0.74 0.68 42
40 0.74 0.7 42
40 0.74 0.72 42
40 0.74 0.74 43
40 0.74 0.78 44
40 0.74 0.76 42
40 0.74 0.8 44
40 0.74 0.82 45
40 0.74 0.84 45
40 0.74 0.86 45
40 0.74 0.88 47
40 0.74 0.9 47
40 0.74 0.92 50
40 0.74 0.94 52
40 0.74 0.96 62
40 0.74 0.98 63
40 0.76 0 40
40 0.74 1 83
40 0.76 0.02 40
40 0.76 0.04 40
40 0.76 0.06 40
40 0.76 0.12 41
40 0.76 0.08 40
40 0.76 0.1 41
40 0.76 0.14 40
40 0.76 0.16 40
40 0.76 0.18 41
40 0.76 0.2 41
40 0.76 0.22 41
40 0.76 0.24 41
40 0.76 0.28 41
40 0.76 0.26 40
40 0.76 0.32 41
40 0.76 0.3 40
40 0.76 0.36 40
40 0.76 0.34 40
40 0.76 0.38 41
40 0.76 0.4 41
40 0.76 0.44 41
40 0.76 0.42 40
40 0.76 0.46 41
40 0.76 0.48 41
40 0.76 0.52 41
40 0.76 0.5 41
40 0.76 0.54 41
40 0.76 0.56 41
40 0.76 0.58 42
40 0.76 0.6 42
40 0.76 0.62 41
40 0.76 0.64 42
40 0.76 0.66 42
40 0.76 0.68 43
40 0.76 0.7 42
40 0.76 0.72 42
40 0.76 0.76 42
40 0.76 0.74 42
40 0.76 0.78 43
40 0.76 0.84 45
40 0.76 0.8 44
40 0.76 0.82 44
40 0.76 0.86 45
40 0.76 0.88 47
40 0.76 0.9 47
40 0.76 0.92 50
40 0.76 0.94 55
40 0.76 0.98 78
40 0.76 0.96 58
40 0.76 1 85
40 0.78 0 40
40 0.78 0.04 40
40 0.78 0.02 40
40 0.78 0.06 40
40 0.78 0.08 40
40 0.78 0.1 40
40 0.78 0.14 40
40 0.78 0.12 40
40 0.78 0.16 40
40 0.78 0.18 40
40 0.78 0.2 40
40 0.78 0.22 40
40 0.78 0.24 40
40 0.78 0.3 40
40 0.78 0.26 40
40 0.78 0.28 40
40 0.78 0.32 40
40 0.78 0.34 40
40 0.78 0.36 40
40 0.78 0.38 41
40 0.78 0.4 41
40 0.78 0.42 40
40 0.78 0.44 41
40 0.78 0.46 40
40 0.78 0.48 41
40 0.78 0.5 40
40 0.78 0.52 40
40 0.78 0.54 41
40 0.78 0.56 41
40 0.78 0.58 41
40 0.78 0.62 41
40 0.78 0.6 41
40 0.78 0.64 41
40 0.78 0.68 42
40 0.78 0.66 42
40 0.78 0.7 42
40 0.78 0.72 41
40 0.78 0.78 42
40 0.78 0.74 42
40 0.78 0.76 42
40 0.78 0.8 43
40 0.78 0.82 44
40 0.78 0.84 45
40 0.78 0.86 47
40 0.78 0.88 46
40 0.78 0.9 49
40 0.78 0.92 51
40 0.78 0.94 55
40 0.78 0.96 57
40 0.78 0.98 67
40 0.78 1 83
40 0.8 0 40
40 0.8 0.02 40
40 0.8 0.04 39
40 0.8 0.08 40
40 0.8 0.06 39
40 0.8 0.1 40
40 0.8 0.12 39
40 0.8 0.14 39
40 0.8 0.16 39
40 0.8 0.18 40
40 0.8 0.2 39
40 0.8 0.22 40
40 0.8 0.24 40
40 0.8 0.26 40
40 0.8 0.28 40
40 0.8 0.3 40
40 0.8 0.32 40
40 0.8 0.34 40
40 0.8 0.36 40
40 0.8 0.38 40
40 0.8 0.4 40
40 0.8 0.42 40
40 0.8 0.44 41
40 0.8 0.46 40
40 0.8 0.48 40
40 0.8 0.5 41
40 0.8 0.52 41
40 0.8 0.54 41
40 0.8 0.56 41
40 0.8 0.58 41
40 0.8 0.6 41
40 0.8 0.62 41
40 0.8 0.64 41
40 0.8 0.66 42
40 0.8 0.68 42
40 0.8 0.7 41
40 0.8 0.74 42
40 0.8 0.72 42
40 0.8 0.76 42
40 0.8 0.78 43
40 0.8 0.8 44
40 0.8 0.82 45
40 0.8 0.84 45
40 0.8 0.86 45
40 0.8 0.88 48
40 0.8 0.9 47
40 0.8 0.94 53
40 0.8 0.92 49
40 0.8 0.96 59
40 0.8 0.98 65
40 0.8 1 87
40 0.82 0 39
40 0.82 0.02 39
40 0.82 0.04 39
40 0.82 0.06 39
40 0.82 0.08 39
40 0.82 0.1 39
40 0.82 0.12 39
40 0.82 0.14 39
40 0.82 0.16 40
40 0.82 0.18 39
40 0.82 0.2 40
40 0.82 0.22 39
40 0.82 0.24 39
40 0.82 0.3 39
40 0.82 0.28 40
40 0.82 0.26 39
40 0.82 0.32 39
40 0.82 0.34 40
40 0.82 0.36 39
40 0.82 0.38 40
40 0.82 0.4 40
40 0.82 0.42 40
40 0.82 0.44 40
40 0.82 0.46 40
40 0.82 0.48 40
40 0.82 0.5 41
40 0.82 0.54 40
40 0.82 0.52 40
40 0.82 0.56 41
40 0.82 0.58 40
40 0.82 0.6 41
40 0.82 0.62 41
40 0.82 0.64 41
40 0.82 0.68 42
40 0.82 0.66 41
40 0.82 0.7 41
40 0.82 0.72 42
40 0.82 0.74 41
40 0.82 0.76 42
40 0.82 0.78 43
40 0.82 0.8 43
40 0.82 0.82 43
40 0.82 0.84 45
40 0.82 0.86 45
40 0.82 0.88 47
40 0.82 0.9 49
40 0.82 0.92 47
40 0.82 0.94 52
40 0.82 0.96 61
40 0.82 0.98 75
40 0.82 1 83
40 0.84 0 39
40 0.84 0.06 39
40 0.84 0.08 39
40 0.84 0.02 39
40 0.84 0.04 39
40 0.84 0.1 39
40 0.84 0.16 39
40 0.84 0.12 39
40 0.84 0.14 39
40 0.84 0.2 39
40 0.84 0.22 40
40 0.84 0.18 39
40 0.84 0.24 40
40 0.84 0.26 39
40 0.84 0.28 39
40 0.84 0.32 40
40 0.84 0.3 39
40 0.84 0.34 40
40 0.84 0.38 39
40 0.84 0.36 40
40 0.84 0.4 39
40 0.84 0.42 39
40 0.84 0.44 40
40 0.84 0.46 40
40 0.84 0.48 40
40 0.84 0.5 40
40 0.84 0.52 40
40 0.84 0.56 40
40 0.84 0.54 40
40 0.84 0.58 41
40 0.84 0.6 41
40 0.84 0.62 41
40 0.84 0.64 41
40 0.84 0.66 41
40 0.84 0.68 41
40 0.84 0.7 41
40 0.84 0.72 42
40 0.84 0.74 42
40 0.84 0.76 43
40 0.84 0.78 43
40 0.84 0.8 44
40 0.84 0.82 45
40 0.84 0.84 45
40 0.84 0.86 47
40 0.84 0.88 48
40 0.84 0.92 49
40 0.84 0.9 49
40 0.84 0.94 55
40 0.84 0.96 65
40 0.84 0.98 75
40 0.84 1 85
40 0.86 0 39
40 0.86 0.02 39
40 0.86 0.04 39
40 0.86 0.06 39
40 0.86 0.08 39
40 0.86 0.1 39
40 0.86 0.12 39
40 0.86 0.14 39
40 0.86 0.18 39
40 0.86 0.16 39
40 0.86 0.2 39
40 0.86 0.22 39
40 0.86 0.24 39
40 0.86 0.26 39
40 0.86 0.28 39
40 0.86 0.3 39
40 0.86 0.32 39
40 0.86 0.34 40
40 0.86 0.38 39
40 0.86 0.36 39
40 0.86 0.4 40
40 0.86 0.42 39
40 0.86 0.44 40
40 0.86 0.46 40
40 0.86 0.48 40
40 0.86 0.5 40
40 0.86 0.52 40
40 0.86 0.54 40
40 0.86 0.56 40
40 0.86 0.58 40
40 0.86 0.6 41
40 0.86 0.62 41
40 0.86 0.64 41
40 0.86 0.66 41
40 0.86 0.68 41
40 0.86 0.72 42
40 0.86 0.7 41
40 0.86 0.74 42
40 0.86 0.76 43
40 0.86 0.78 44
40 0.86 0.8 44
40 0.86 0.82 44
40 0.86 0.84 45
40 0.86 0.88 49
40 0.86 0.86 47
40 0.86 0.9 49
40 0.86 0.92 57
40 0.86 0.96 63
40 0.86 0.94 59
40 0.86 0.98 87
40 0.86 1 127
40 0.88 0 39
40 0.88 0.02 39
40 0.88 0.04 39
40 0.88 0.06 39
40 0.88 0.08 39
40 0.88 0.1 39
40 0.88 0.12 39
40 0.88 0.14 39
40 0.88 0.16 39
40 0.88 0.2 39
40 0.88 0.18 39
40 0.88 0.22 39
40 0.88 0.24 39
40 0.88 0.26 39
40 0.88 0.28 39
40 0.88 0.3 39
40 0.88 0.32 39
40 0.88 0.34 39
40 0.88 0.36 40
40 0.88 0.38 39
40 0.88 0.4 40
40 0.88 0.42 40
40 0.88 0.44 39
40 0.88 0.46 40
40 0.88 0.48 40
40 0.88 0.5 40
40 0.88 0.52 40
40 0.88 0.54 40
40 0.88 0.56 40
40 0.88 0.58 41
40 0.88 0.6 41
40 0.88 0.62 41
40 0.88 0.64 41
40 0.88 0.66 41
40 0.88 0.68 42
40 0.88 0.7 42
40 0.88 0.72 41
40 0.88 0.76 43
40 0.88 0.74 42
40 0.88 0.78 43
40 0.88 0.8 43
40 0.88 0.82 45
40 0.88 0.84 45
40 0.88 0.86 47
40 0.88 0.88 49
40 0.88 0.92 53
40 0.88 0.9 51
40 0.88 0.94 61
40 0.88 0.96 75
40 0.88 1 125
40 0.88 0.98 101
40 0.9 0 39
40 0.9 0.02 39
40 0.9 0.04 39
40 0.9 0.06 39
40 0.9 0.08 39
40 0.9 0.1 39
40 0.9 0.12 39
40 0.9 0.14 39
40 0.9 0.16 39
40 0.9 0.18 39
40 0.9 0.2 39
40 0.9 0.24 39
40 0.9 0.22 39
40 0.9 0.26 39
40 0.9 0.28 39
40 0.9 0.32 39
40 0.9 0.3 39
40 0.9 0.34 39
40 0.9 0.36 39
40 0.9 0.4 39
40 0.9 0.38 39
40 0.9 0.42 39
40 0.9 0.44 40
40 0.9 0.46 40
40 0.9 0.48 40
40 0.9 0.5 40
40 0.9 0.52 40
40 0.9 0.54 40
40 0.9 0.56 40
40 0.9 0.58 41
40 0.9 0.6 41
40 0.9 0.62 41
40 0.9 0.64 41
40 0.9 0.66 41
40 0.9 0.68 41
40 0.9 0.7 42
40 0.9 0.72 42
40 0.9 0.74 43
40 0.9 0.76 43
40 0.9 0.78 44
40 0.9 0.8 45
40 0.9 0.82 47
40 0.9 0.84 47
40 0.9 0.88 53
40 0.9 0.86 49
40 0.9 0.9 59
40 0.9 0.92 61
40 0.9 0.94 73
40 0.9 0.96 91
40 0.9 0.98 121
40 0.9 1 173
40 0.92 0 39
40 0.92 0.02 39
40 0.92 0.04 39
40 0.92 0.06 39
40 0.92 0.08 39
40 0.92 0.12 39
40 0.92 0.1 39
40 0.92 0.14 39
40 0.92 0.16 39
40 0.92 0.18 39
40 0.92 0.2 39
40 0.92 0.22 39
40 0.92 0.24 39
40 0.92 0.26 39
40 0.92 0.28 39
40 0.92 0.3 39
40 0.92 0.32 39
40 0.92 0.34 39
40 0.92 0.36 39
40 0.92 0.38 39
40 0.92 0.4 39
40 0.92 0.42 40
40 0.92 0.44 39
40 0.92 0.46 40
40 0.92 0.48 39
40 0.92 0.5 39
40 0.92 0.52 40
40 0.92 0.54 40
40 0.92 0.58 40
40 0.92 0.56 40
40 0.92 0.6 41
40 0.92 0.62 41
40 0.92 0.64 41
40 0.92 0.66 41
40 0.92 0.68 41
40 0.92 0.7 41
40 0.92 0.72 43
40 0.92 0.74 43
40 0.92 0.76 43
40 0.92 0.78 43
40 0.92 0.8 45
40 0.92 0.82 43
40 0.92 0.84 47
40 0.92 0.86 49
40 0.92 0.9 57
40 0.92 0.88 53
40 0.92 0.92 63
40 0.92 0.94 85
40 0.92 0.96 117
40 0.92 0.98 185
40 0.92 1 325
40 0.94 0 39
40 0.94 0.02 39
40 0.94 0.04 39
40 0.94 0.06 39
40 0.94 0.08 39
40 0.94 0.1 39
40 0.94 0.12 39
40 0.94 0.14 39
40 0.94 0.16 39
40 0.94 0.18 39
40 0.94 0.22 39
40 0.94 0.2 39
40 0.94 0.24 39
40 0.94 0.26 39
40 0.94 0.28 39
40 0.94 0.3 39
40 0.94 0.32 39
40 0.94 0.34 39
40 0.94 0.36 39
40 0.94 0.38 39
40 0.94 0.4 39
40 0.94 0.42 39
40 0.94 0.44 39
40 0.94 0.46 40
40 0.94 0.48 40
40 0.94 0.5 40
40 0.94 0.52 39
40 0.94 0.54 40
40 0.94 0.56 40
40 0.94 0.58 41
40 0.94 0.6 41
40 0.94 0.62 41
40 0.94 0.66 41
40 0.94 0.64 41
40 0.94 0.68 41
40 0.94 0.7 41
40 0.94 0.72 43
40 0.94 0.74 43
40 0.94 0.76 43
40 0.94 0.78 45
40 0.94 0.8 47
40 0.94 0.82 47
40 0.94 0.84 49
40 0.94 0.86 51
40 0.94 0.88 55
40 0.94 0.92 79
40 0.94 0.9 67
40 0.94 0.94 105
40 0.94 0.98 181
40 0.94 0.96 131
40 0.94 1 636
40 0.96 0 39
40 0.96 0.02 39
40 0.96 0.04 39
40 0.96 0.08 39
40 0.96 0.06 39
40 0.96 0.1 39
40 0.96 0.12 39
40 0.96 0.14 39
40 0.96 0.16 39
40 0.96 0.18 39
40 0.96 0.2 39
40 0.96 0.22 39
40 0.96 0.24 39
40 0.96 0.26 39
40 0.96 0.28 39
40 0.96 0.3 39
40 0.96 0.32 39
40 0.96 0.34 39
40 0.96 0.36 39
40 0.96 0.38 39
40 0.96 0.4 39
40 0.96 0.42 39
40 0.96 0.44 39
40 0.96 0.46 39
40 0.96 0.48 40
40 0.96 0.5 39
40 0.96 0.52 40
40 0.96 0.54 39
40 0.96 0.56 40
40 0.96 0.58 40
40 0.96 0.6 41
40 0.96 0.62 41
40 0.96 0.64 41
40 0.96 0.66 41
40 0.96 0.68 41
40 0.96 0.7 43
40 0.96 0.72 41
40 0.96 0.74 43
40 0.96 0.76 45
40 0.96 0.78 45
40 0.96 0.8 47
40 0.96 0.82 49
40 0.96 0.84 49
40 0.96 0.86 55
40 0.96 0.88 63
40 0.96 0.9 77
40 0.96 0.92 101
40 0.96 0.94 123
40 0.96 0.96 195
40 0.96 0.98 492
40 0.96 1 1000
40 0.98 0 39
40 0.98 0.02 39
40 0.98 0.04 39
40 0.98 0.06 39
40 0.98 0.08 39
40 0.98 0.1 39
40 0.98 0.12 39
40 0.98 0.14 39
40 0.98 0.16 39
40 0.98 0.18 39
40 0.98 0.2 39
40 0.98 0.22 39
40 0.98 0.24 39
40 0.98 0.26 39
40 0.98 0.28 39
40 0.98 0.3 39
40 0.98 0.32 39
40 0.98 0.34 39
40 0.98 0.36 39
40 0.98 0.38 39
40 0.98 0.4 39
40 0.98 0.42 39
40 0.98 0.44 39
40 0.98 0.46 39
40 0.98 0.48 40
40 0.98 0.5 40
40 0.98 0.52 40
40 0.98 0.54 40
40 0.98 0.56 41
40 0.98 0.58 41
40 0.98 0.6 41
40 0.98 0.62 41
40 0.98 0.64 41
40 0.98 0.66 41
40 0.98 0.68 43
40 0.98 0.7 41
40 0.98 0.72 43
40 0.98 0.74 43
40 0.98 0.76 45
40 0.98 0.8 47
40 0.98 0.78 47
40 0.98 0.82 49
40 0.98 0.84 55
40 0.98 0.86 57
40 0.98 0.88 67
40 0.98 0.9 87
40 0.98 0.92 89
40 0.98 0.94 163
40 0.98 0.96 325
40 0.98 0.98 1000
40 0.98 1 1000
40 1 0 39
40 1 0.02 39
40 1 0.04 39
40 1 0.06 39
40 1 0.1 39
40 1 0.08 39
40 1 0.12 39
40 1 0.14 39
40 1 0.16 39
40 1 0.2 39
40 1 0.18 39
40 1 0.22 39
40 1 0.24 39
40 1 0.26 39
40 1 0.28 39
40 1 0.3 39
40 1 0.32 39
40 1 0.34 39
40 1 0.38 39
40 1 0.36 39
40 1 0.4 39
40 1 0.44 39
40 1 0.42 39
40 1 0.46 40
40 1 0.48 40
40 1 0.5 39
40 1 0.54 41
40 1 0.52 39
40 1 0.56 40
40 1 0.62 41
40 1 0.58 41
40 1 0.6 41
40 1 0.64 41
40 1 0.66 41
40 1 0.68 42
40 1 0.7 43
40 1 0.72 43
40 1 0.74 45
40 1 0.76 45
40 1 0.78 47
40 1 0.8 49
40 1 0.84 59
40 1 0.82 53
40 1 0.86 67
40 1 0.88 85
40 1 0.92 123
40 1 0.9 97
40 1 0.94 345
40 1 0.96 565
40 1 1 1000
40 1 0.98 999
