40 0 0 1000
40 0 0.02 1000
40 0 0.04 1000
40 0 0.06 1000
40 0 0.08 1000
40 0 0.1 1000
40 0 0.12 1000
40 0 0.14 1000
40 0 0.16 1000
40 0 0.18 1000
40 0 0.2 1000
40 0 0.22 1000
40 0 0.24 1000
40 0 0.26 1000
40 0 0.28 1000
40 0 0.3 1000
40 0 0.32 1000
40 0 0.34 1000
40 0 0.36 1000
40 0 0.38 1000
40 0 0.4 1000
40 0 0.42 1000
40 0 0.44 1000
40 0 0.46 1000
40 0 0.48 1000
40 0 0.5 1000
40 0 0.52 1000
40 0 0.54 1000
40 0 0.56 1000
40 0 0.58 1000
40 0 0.6 1000
40 0 0.62 1000
40 0 0.64 1000
40 0 0.66 1000
40 0 0.68 1000
40 0 0.7 1000
40 0 0.72 1000
40 0 0.74 1000
40 0 0.78 1000
40 0 0.76 1000
40 0 0.8 1000
40 0 0.82 1000
40 0 0.86 1000
40 0 0.84 1000
40 0 0.88 1000
40 0 0.9 1000
40 0 0.94 1000
40 0 0.92 1000
40 0 0.98 1000
40 0 0.96 1000
40 0 1 1000
40 0.02 0 322
40 0.02 0.02 296
40 0.02 0.04 349
40 0.02 0.06 328
40 0.02 0.08 329
40 0.02 0.1 402
40 0.02 0.12 439
40 0.02 0.14 561
40 0.02 0.16 639
40 0.02 0.18 858
40 0.02 0.2 970
40 0.02 0.22 1000
40 0.02 0.24 1000
40 0.02 0.26 1000
40 0.02 0.28 1000
40 0.02 0.3 1000
40 0.02 0.32 1000
40 0.02 0.34 1000
40 0.02 0.36 1000
40 0.02 0.38 1000
40 0.02 0.4 1000
40 0.02 0.42 1000
40 0.02 0.44 1000
40 0.02 0.46 1000
40 0.02 0.48 1000
40 0.02 0.5 1000
40 0.02 0.52 1000
40 0.02 0.54 1000
40 0.02 0.56 1000
40 0.02 0.58 1000
40 0.02 0.6 1000
40 0.02 0.62 1000
40 0.02 0.64 1000
40 0.02 0.66 1000
40 0.02 0.68 1000
40 0.02 0.7 1000
40 0.02 0.72 1000
40 0.02 0.74 1000
40 0.02 0.78 1000
40 0.02 0.76 1000
40 0.02 0.82 1000
40 0.02 0.8 1000
40 0.02 0.86 1000
40 0.02 0.84 1000
40 0.02 0.9 1000
40 0.02 0.88 1000
40 0.02 0.92 1000
40 0.02 0.94 1000
40 0.02 0.96 1000
40 0.02 0.98 1000
40 0.02 1 1000
40 0.04 0 165
40 0.04 0.02 168
40 0.04 0.04 168
40 0.04 0.06 174
40 0.04 0.08 179
40 0.04 0.1 175
40 0.04 0.12 169
40 0.04 0.14 198
40 0.04 0.16 198
40 0.04 0.18 232
40 0.04 0.2 241
40 0.04 0.22 299
40 0.04 0.24 292
40 0.04 0.26 352
40 0.04 0.28 354
40 0.04 0.3 357
40 0.04 0.32 472
40 0.04 0.34 519
40 0.04 0.36 529
40 0.04 0.38 1000
40 0.04 0.4 629
40 0.04 0.42 1000
40 0.04 0.44 1000
40 0.04 0.46 1000
40 0.04 0.48 756
40 0.04 0.5 1000
40 0.04 0.52 1000
40 0.04 0.54 1000
40 0.04 0.56 1000
40 0.04 0.58 1000
40 0.04 0.6 1000
40 0.04 0.62 1000
40 0.04 0.64 1000
40 0.04 0.66 1000
40 0.04 0.68 1000
40 0.04 0.7 1000
40 0.04 0.72 1000
40 0.04 0.74 1000
40 0.04 0.76 1000
40 0.04 0.78 1000
40 0.04 0.8 1000
40 0.04 0.82 1000
40 0.04 0.84 1000
40 0.04 0.86 1000
40 0.04 0.88 1000
40 0.04 0.9 1000
40 0.04 0.92 1000
40 0.04 0.94 1000
40 0.04 0.96 1000
40 0.04 0.98 1000
40 0.04 1 1000
40 0.06 0 111
40 0.06 0.02 128
40 0.06 0.04 121
40 0.06 0.06 119
40 0.06 0.08 122
40 0.06 0.1 130
40 0.06 0.12 121
40 0.06 0.14 124
40 0.06 0.16 130
40 0.06 0.18 136
40 0.06 0.2 131
40 0.06 0.22 151
40 0.06 0.24 150
40 0.06 0.26 156
40 0.06 0.28 167
40 0.06 0.3 175
40 0.06 0.32 180
40 0.06 0.34 189
40 0.06 0.36 206
40 0.06 0.38 306
40 0.06 0.4 354
40 0.06 0.42 390
40 0.06 0.44 374
40 0.06 0.46 621
40 0.06 0.48 603
40 0.06 0.5 441
40 0.06 0.52 1000
40 0.06 0.54 1000
40 0.06 0.56 644
40 0.06 0.58 1000
40 0.06 0.6 1000
40 0.06 0.62 1000
40 0.06 0.64 1000
40 0.06 0.66 1000
40 0.06 0.68 1000
40 0.06 0.7 1000
40 0.06 0.72 1000
40 0.06 0.74 1000
40 0.06 0.76 1000
40 0.06 0.78 1000
40 0.06 0.8 1000
40 0.06 0.82 1000
40 0.06 0.84 1000
40 0.06 0.86 1000
40 0.06 0.88 1000
40 0.06 0.9 1000
40 0.06 0.92 1000
40 0.06 0.94 1000
40 0.06 0.96 1000
40 0.06 0.98 1000
40 0.06 1 1000
40 0.08 0 90
40 0.08 0.02 89
40 0.08 0.04 90
40 0.08 0.06 89
40 0.08 0.08 95
40 0.08 0.1 86
40 0.08 0.12 93
40 0.08 0.14 93
40 0.08 0.16 89
40 0.08 0.18 90
40 0.08 0.2 101
40 0.08 0.22 100
40 0.08 0.24 101
40 0.08 0.26 104
40 0.08 0.28 107
40 0.08 0.3 114
40 0.08 0.32 121
40 0.08 0.34 112
40 0.08 0.36 121
40 0.08 0.38 140
40 0.08 0.4 170
40 0.08 0.42 239
40 0.08 0.44 247
40 0.08 0.46 298
40 0.08 0.48 299
40 0.08 0.5 314
40 0.08 0.52 444
40 0.08 0.54 385
40 0.08 0.56 386
40 0.08 0.58 513
40 0.08 0.6 627
40 0.08 0.62 355
40 0.08 0.64 1000
40 0.08 0.66 1000
40 0.08 0.68 1000
40 0.08 0.7 1000
40 0.08 0.72 1000
40 0.08 0.74 1000
40 0.08 0.76 1000
40 0.08 0.78 1000
40 0.08 0.8 1000
40 0.08 0.82 1000
40 0.08 0.84 1000
40 0.08 0.86 1000
40 0.08 0.88 1000
40 0.08 0.9 1000
40 0.08 0.92 1000
40 0.08 0.94 1000
40 0.08 0.96 1000
40 0.08 0.98 1000
40 0.08 1 1000
40 0.1 0 81
40 0.1 0.02 78
40 0.1 0.04 80
40 0.1 0.06 78
40 0.1 0.08 81
40 0.1 0.1 80
40 0.1 0.12 87
40 0.1 0.14 79
40 0.1 0.16 80
40 0.1 0.18 82
40 0.1 0.2 82
40 0.1 0.22 84
40 0.1 0.24 86
40 0.1 0.26 82
40 0.1 0.28 87
40 0.1 0.3 79
40 0.1 0.32 84
40 0.1 0.34 88
40 0.1 0.36 101
40 0.1 0.38 100
40 0.1 0.4 113
40 0.1 0.42 115
40 0.1 0.44 104
40 0.1 0.46 145
40 0.1 0.48 143
40 0.1 0.5 189
40 0.1 0.52 240
40 0.1 0.54 230
40 0.1 0.56 220
40 0.1 0.58 190
40 0.1 0.6 377
40 0.1 0.62 311
40 0.1 0.64 336
40 0.1 0.68 872
40 0.1 0.66 482
40 0.1 0.7 931
40 0.1 0.72 1000
40 0.1 0.76 1000
40 0.1 0.74 1000
40 0.1 0.78 1000
40 0.1 0.8 1000
40 0.1 0.82 1000
40 0.1 0.84 1000
40 0.1 0.86 1000
40 0.1 0.88 1000
40 0.1 0.9 1000
40 0.1 0.92 1000
40 0.1 0.94 1000
40 0.1 0.96 1000
40 0.1 0.98 1000
40 0.1 1 1000
40 0.12 0 68
40 0.12 0.02 69
40 0.12 0.06 65
40 0.12 0.04 66
40 0.12 0.08 68
40 0.12 0.1 69
40 0.12 0.12 68
40 0.12 0.14 68
40 0.12 0.16 67
40 0.12 0.18 67
40 0.12 0.2 69
40 0.12 0.22 70
40 0.12 0.24 72
40 0.12 0.26 71
40 0.12 0.28 67
40 0.12 0.3 75
40 0.12 0.32 78
40 0.12 0.34 80
40 0.12 0.36 81
40 0.12 0.38 82
40 0.12 0.4 82
40 0.12 0.42 89
40 0.12 0.44 90
40 0.12 0.46 95
40 0.12 0.48 107
40 0.12 0.5 129
40 0.12 0.52 136
40 0.12 0.54 131
40 0.12 0.56 179
40 0.12 0.58 161
40 0.12 0.6 165
40 0.12 0.62 339
40 0.12 0.64 200
40 0.12 0.66 340
40 0.12 0.68 247
40 0.12 0.7 350
40 0.12 0.72 216
40 0.12 0.74 884
40 0.12 0.76 1000
40 0.12 0.78 1000
40 0.12 0.8 1000
40 0.12 0.82 1000
40 0.12 0.84 1000
40 0.12 0.86 1000
40 0.12 0.88 1000
40 0.12 0.9 1000
40 0.12 0.92 1000
40 0.12 0.94 1000
40 0.12 0.96 1000
40 0.12 0.98 1000
40 0.12 1 1000
40 0.14 0 61
40 0.14 0.02 65
40 0.14 0.04 62
40 0.14 0.06 64
40 0.14 0.08 65
40 0.14 0.1 63
40 0.14 0.12 59
40 0.14 0.14 59
40 0.14 0.16 63
40 0.14 0.18 58
40 0.14 0.2 62
40 0.14 0.22 63
40 0.14 0.24 61
40 0.14 0.26 65
40 0.14 0.28 62
40 0.14 0.3 62
40 0.14 0.32 62
40 0.14 0.34 64
40 0.14 0.36 67
40 0.14 0.38 64
40 0.14 0.4 65
40 0.14 0.42 69
40 0.14 0.44 72
40 0.14 0.46 70
40 0.14 0.48 85
40 0.14 0.5 82
40 0.14 0.52 83
40 0.14 0.54 96
40 0.14 0.56 108
40 0.14 0.58 113
40 0.14 0.6 124
40 0.14 0.64 156
40 0.14 0.62 142
40 0.14 0.68 225
40 0.14 0.66 173
40 0.14 0.7 209
40 0.14 0.72 294
40 0.14 0.74 387
40 0.14 0.76 274
40 0.14 0.78 404
40 0.14 0.8 511
40 0.14 0.82 1000
40 0.14 0.84 1000
40 0.14 0.86 1000
40 0.14 0.88 1000
40 0.14 0.9 1000
40 0.14 0.92 1000
40 0.14 0.94 1000
40 0.14 0.96 1000
40 0.14 0.98 1000
40 0.14 1 1000
40 0.16 0 58
40 0.16 0.02 56
40 0.16 0.04 54
40 0.16 0.06 61
40 0.16 0.08 54
40 0.16 0.1 55
40 0.16 0.12 56
40 0.16 0.14 58
40 0.16 0.16 60
40 0.16 0.18 61
40 0.16 0.2 60
40 0.16 0.22 55
40 0.16 0.24 59
40 0.16 0.26 59
40 0.16 0.28 60
40 0.16 0.3 59
40 0.16 0.32 61
40 0.16 0.34 58
40 0.16 0.36 59
40 0.16 0.38 60
40 0.16 0.4 58
40 0.16 0.42 61
40 0.16 0.44 59
40 0.16 0.46 64
40 0.16 0.48 65
40 0.16 0.5 71
40 0.16 0.52 76
40 0.16 0.54 71
40 0.16 0.56 87
40 0.16 0.58 75
40 0.16 0.6 95
40 0.16 0.62 92
40 0.16 0.64 118
40 0.16 0.66 124
40 0.16 0.68 167
40 0.16 0.7 151
40 0.16 0.72 213
40 0.16 0.74 303
40 0.16 0.78 204
40 0.16 0.76 262
40 0.16 0.8 843
40 0.16 0.82 1000
40 0.16 0.86 1000
40 0.16 0.84 923
40 0.16 0.88 1000
40 0.16 0.9 1000
40 0.16 0.92 1000
40 0.16 0.94 1000
40 0.16 0.98 1000
40 0.16 0.96 1000
40 0.16 1 1000
40 0.18 0 51
40 0.18 0.02 55
40 0.18 0.04 53
40 0.18 0.06 55
40 0.18 0.08 58
40 0.18 0.1 56
40 0.18 0.12 55
40 0.18 0.16 55
40 0.18 0.14 57
40 0.18 0.2 56
40 0.18 0.18 56
40 0.18 0.22 58
40 0.18 0.24 57
40 0.18 0.26 53
40 0.18 0.28 53
40 0.18 0.3 55
40 0.18 0.32 57
40 0.18 0.34 57
40 0.18 0.36 56
40 0.18 0.38 54
40 0.18 0.4 58
40 0.18 0.42 58
40 0.18 0.44 58
40 0.18 0.46 60
40 0.18 0.48 64
40 0.18 0.5 62
40 0.18 0.52 65
40 0.18 0.54 66
40 0.18 0.56 72
40 0.18 0.58 71
40 0.18 0.6 87
40 0.18 0.62 86
40 0.18 0.64 92
40 0.18 0.66 86
40 0.18 0.68 110
40 0.18 0.7 116
40 0.18 0.72 158
40 0.18 0.74 215
40 0.18 0.76 151
40 0.18 0.78 410
40 0.18 0.8 239
40 0.18 0.82 587
40 0.18 0.84 413
40 0.18 0.86 290
40 0.18 0.88 1000
40 0.18 0.9 1000
40 0.18 0.92 1000
40 0.18 0.94 481
40 0.18 0.96 1000
40 0.18 1 1000
40 0.18 0.98 1000
40 0.2 0 51
40 0.2 0.02 51
40 0.2 0.04 52
40 0.2 0.06 45
40 0.2 0.08 46
40 0.2 0.1 47
40 0.2 0.14 45
40 0.2 0.12 47
40 0.2 0.16 46
40 0.2 0.18 45
40 0.2 0.2 47
40 0.2 0.22 49
40 0.2 0.24 51
40 0.2 0.26 49
40 0.2 0.3 48
40 0.2 0.28 50
40 0.2 0.32 47
40 0.2 0.34 52
40 0.2 0.36 51
40 0.2 0.38 50
40 0.2 0.42 51
40 0.2 0.4 52
40 0.2 0.44 54
40 0.2 0.46 54
40 0.2 0.48 54
40 0.2 0.5 55
40 0.2 0.52 53
40 0.2 0.54 60
40 0.2 0.56 59
40 0.2 0.58 63
40 0.2 0.6 64
40 0.2 0.62 68
40 0.2 0.64 71
40 0.2 0.66 83
40 0.2 0.7 107
40 0.2 0.68 74
40 0.2 0.74 96
40 0.2 0.72 112
40 0.2 0.76 127
40 0.2 0.78 156
40 0.2 0.82 152
40 0.2 0.8 127
40 0.2 0.84 419
40 0.2 0.86 304
40 0.2 0.9 956
40 0.2 0.88 940
40 0.2 0.92 269
40 0.2 0.94 468
40 0.2 0.96 1000
40 0.2 0.98 1000
40 0.22 0 47
40 0.2 1 1000
40 0.22 0.04 46
40 0.22 0.02 48
40 0.22 0.06 46
40 0.22 0.08 44
40 0.22 0.1 48
40 0.22 0.12 48
40 0.22 0.14 48
40 0.22 0.16 46
40 0.22 0.18 48
40 0.22 0.2 45
40 0.22 0.22 46
40 0.22 0.24 49
40 0.22 0.26 48
40 0.22 0.28 48
40 0.22 0.3 49
40 0.22 0.32 47
40 0.22 0.34 49
40 0.22 0.36 51
40 0.22 0.38 47
40 0.22 0.4 49
40 0.22 0.42 48
40 0.22 0.44 50
40 0.22 0.46 54
40 0.22 0.48 52
40 0.22 0.5 52
40 0.22 0.52 50
40 0.22 0.54 54
40 0.22 0.56 54
40 0.22 0.58 56
40 0.22 0.6 59
40 0.22 0.64 64
40 0.22 0.62 60
40 0.22 0.68 61
40 0.22 0.66 63
40 0.22 0.72 79
40 0.22 0.7 62
40 0.22 0.74 87
40 0.22 0.76 101
40 0.22 0.78 117
40 0.22 0.8 132
40 0.22 0.82 125
40 0.22 0.84 278
40 0.22 0.86 323
40 0.22 0.88 275
40 0.22 0.9 653
40 0.22 0.92 1000
40 0.22 0.94 434
40 0.22 0.96 1000
40 0.22 0.98 1000
40 0.22 1 1000
40 0.24 0 43
40 0.24 0.02 43
40 0.24 0.06 47
40 0.24 0.04 46
40 0.24 0.1 46
40 0.24 0.08 44
40 0.24 0.12 44
40 0.24 0.14 44
40 0.24 0.16 45
40 0.24 0.18 46
40 0.24 0.2 47
40 0.24 0.22 45
40 0.24 0.24 46
40 0.24 0.26 44
40 0.24 0.28 45
40 0.24 0.3 45
40 0.24 0.32 44
40 0.24 0.34 47
40 0.24 0.36 47
40 0.24 0.38 46
40 0.24 0.4 48
40 0.24 0.42 48
40 0.24 0.44 46
40 0.24 0.46 49
40 0.24 0.48 50
40 0.24 0.5 51
40 0.24 0.52 52
40 0.24 0.54 52
40 0.24 0.56 50
40 0.24 0.58 52
40 0.24 0.6 52
40 0.24 0.62 53
40 0.24 0.64 54
40 0.24 0.66 58
40 0.24 0.68 73
40 0.24 0.7 67
40 0.24 0.72 78
40 0.24 0.74 75
40 0.24 0.76 104
40 0.24 0.78 88
40 0.24 0.8 128
40 0.24 0.82 98
40 0.24 0.84 156
40 0.24 0.86 146
40 0.24 0.88 184
40 0.24 0.9 143
40 0.24 0.92 962
40 0.24 0.94 974
40 0.24 0.96 424
40 0.24 0.98 1000
40 0.26 0 43
40 0.24 1 1000
40 0.26 0.02 43
40 0.26 0.04 41
40 0.26 0.06 43
40 0.26 0.08 41
40 0.26 0.1 44
40 0.26 0.12 44
40 0.26 0.14 45
40 0.26 0.16 45
40 0.26 0.18 45
40 0.26 0.2 43
40 0.26 0.22 42
40 0.26 0.24 45
40 0.26 0.26 45
40 0.26 0.28 46
40 0.26 0.3 44
40 0.26 0.32 44
40 0.26 0.34 44
40 0.26 0.36 46
40 0.26 0.38 45
40 0.26 0.4 44
40 0.26 0.42 44
40 0.26 0.44 46
40 0.26 0.46 44
40 0.26 0.48 48
40 0.26 0.5 47
40 0.26 0.52 49
40 0.26 0.54 47
40 0.26 0.56 50
40 0.26 0.58 50
40 0.26 0.6 52
40 0.26 0.62 53
40 0.26 0.64 50
40 0.26 0.66 52
40 0.26 0.68 58
40 0.26 0.7 56
40 0.26 0.72 64
40 0.26 0.74 59
40 0.26 0.76 88
40 0.26 0.8 105
40 0.26 0.78 84
40 0.26 0.82 93
40 0.26 0.84 151
40 0.26 0.86 109
40 0.26 0.88 173
40 0.26 0.9 463
40 0.26 0.92 330
40 0.26 0.94 441
40 0.26 0.96 582
40 0.26 0.98 636
40 0.26 1 1000
40 0.28 0 39
40 0.28 0.02 39
40 0.28 0.04 42
40 0.28 0.06 43
40 0.28 0.08 40
40 0.28 0.1 42
40 0.28 0.12 44
40 0.28 0.14 42
40 0.28 0.16 43
40 0.28 0.18 43
40 0.28 0.2 43
40 0.28 0.22 43
40 0.28 0.24 43
40 0.28 0.26 43
40 0.28 0.28 43
40 0.28 0.3 43
40 0.28 0.34 46
40 0.28 0.32 42
40 0.28 0.38 45
40 0.28 0.36 45
40 0.28 0.4 44
40 0.28 0.42 45
40 0.28 0.44 44
40 0.28 0.46 46
40 0.28 0.48 47
40 0.28 0.5 48
40 0.28 0.52 46
40 0.28 0.54 45
40 0.28 0.56 47
40 0.28 0.58 46
40 0.28 0.62 47
40 0.28 0.6 48
40 0.28 0.64 51
40 0.28 0.66 51
40 0.28 0.68 52
40 0.28 0.7 56
40 0.28 0.72 59
40 0.28 0.74 60
40 0.28 0.76 73
40 0.28 0.78 77
40 0.28 0.8 76
40 0.28 0.82 94
40 0.28 0.84 123
40 0.28 0.86 95
40 0.28 0.88 167
40 0.28 0.9 110
40 0.28 0.92 393
40 0.28 0.94 270
40 0.28 0.96 289
40 0.28 0.98 394
40 0.3 0 43
40 0.28 1 1000
40 0.3 0.02 40
40 0.3 0.04 41
40 0.3 0.06 42
40 0.3 0.08 40
40 0.3 0.1 41
40 0.3 0.12 42
40 0.3 0.14 42
40 0.3 0.16 42
40 0.3 0.18 42
40 0.3 0.2 43
40 0.3 0.22 42
40 0.3 0.24 40
40 0.3 0.26 39
40 0.3 0.28 40
40 0.3 0.3 41
40 0.3 0.32 41
40 0.3 0.34 41
40 0.3 0.36 40
40 0.3 0.38 40
40 0.3 0.4 40
40 0.3 0.42 41
40 0.3 0.44 43
40 0.3 0.46 43
40 0.3 0.48 45
40 0.3 0.5 43
40 0.3 0.52 42
40 0.3 0.54 43
40 0.3 0.56 44
40 0.3 0.58 43
40 0.3 0.6 46
40 0.3 0.62 46
40 0.3 0.64 47
40 0.3 0.66 47
40 0.3 0.68 45
40 0.3 0.7 51
40 0.3 0.72 53
40 0.3 0.74 49
40 0.3 0.76 53
40 0.3 0.78 56
40 0.3 0.8 75
40 0.3 0.82 81
40 0.3 0.84 71
40 0.3 0.86 103
40 0.3 0.88 103
40 0.3 0.9 134
40 0.3 0.92 155
40 0.3 0.94 164
40 0.3 0.96 779
40 0.3 0.98 1000
40 0.3 1 510
40 0.32 0 39
40 0.32 0.02 38
40 0.32 0.04 37
40 0.32 0.06 38
40 0.32 0.08 38
40 0.32 0.1 41
40 0.32 0.12 39
40 0.32 0.14 38
40 0.32 0.16 39
40 0.32 0.18 39
40 0.32 0.2 39
40 0.32 0.22 38
40 0.32 0.24 38
40 0.32 0.26 40
40 0.32 0.28 41
40 0.32 0.3 41
40 0.32 0.32 40
40 0.32 0.34 42
40 0.32 0.36 41
40 0.32 0.38 41
40 0.32 0.42 40
40 0.32 0.4 39
40 0.32 0.44 41
40 0.32 0.46 40
40 0.32 0.48 41
40 0.32 0.5 42
40 0.32 0.52 42
40 0.32 0.54 41
40 0.32 0.56 43
40 0.32 0.58 45
40 0.32 0.6 43
40 0.32 0.62 44
40 0.32 0.64 45
40 0.32 0.66 44
40 0.32 0.68 45
40 0.32 0.7 47
40 0.32 0.72 48
40 0.32 0.74 55
40 0.32 0.76 59
40 0.32 0.78 60
40 0.32 0.8 65
40 0.32 0.82 65
40 0.32 0.84 73
40 0.32 0.86 88
40 0.32 0.88 92
40 0.32 0.9 94
40 0.32 0.92 91
40 0.32 0.94 141
40 0.32 0.96 166
40 0.32 0.98 180
40 0.32 1 396
40 0.34 0 38
40 0.34 0.02 39
40 0.34 0.04 39
40 0.34 0.06 39
40 0.34 0.08 38
40 0.34 0.1 38
40 0.34 0.12 38
40 0.34 0.14 38
40 0.34 0.16 38
40 0.34 0.18 39
40 0.34 0.2 38
40 0.34 0.22 39
40 0.34 0.24 37
40 0.34 0.26 38
40 0.34 0.28 39
40 0.34 0.3 37
40 0.34 0.32 38
40 0.34 0.34 38
40 0.34 0.36 39
40 0.34 0.38 38
40 0.34 0.4 38
40 0.34 0.42 35
40 0.34 0.44 36
40 0.34 0.46 38
40 0.34 0.48 40
40 0.34 0.5 40
40 0.34 0.52 41
40 0.34 0.54 42
40 0.34 0.56 42
40 0.34 0.58 42
40 0.34 0.6 44
40 0.34 0.62 43
40 0.34 0.64 45
40 0.34 0.66 46
40 0.34 0.68 46
40 0.34 0.7 46
40 0.34 0.72 48
40 0.34 0.74 48
40 0.34 0.76 51
40 0.34 0.78 50
40 0.34 0.8 53
40 0.34 0.82 65
40 0.34 0.84 64
40 0.34 0.86 82
40 0.34 0.88 97
40 0.34 0.9 93
40 0.34 0.92 132
40 0.34 0.94 129
40 0.34 0.96 121
40 0.34 0.98 127
40 0.34 1 267
40 0.36 0 37
40 0.36 0.02 38
40 0.36 0.04 36
40 0.36 0.06 37
40 0.36 0.08 37
40 0.36 0.1 37
40 0.36 0.12 36
40 0.36 0.14 36
40 0.36 0.16 38
40 0.36 0.18 38
40 0.36 0.2 39
40 0.36 0.22 39
40 0.36 0.24 39
40 0.36 0.26 39
40 0.36 0.28 36
40 0.36 0.3 38
40 0.36 0.32 37
40 0.36 0.34 36
40 0.36 0.36 38
40 0.36 0.38 37
40 0.36 0.4 38
40 0.36 0.42 38
40 0.36 0.44 37
40 0.36 0.48 37
40 0.36 0.46 39
40 0.36 0.52 39
40 0.36 0.5 39
40 0.36 0.54 40
40 0.36 0.56 39
40 0.36 0.58 38
40 0.36 0.6 39
40 0.36 0.62 39
40 0.36 0.64 40
40 0.36 0.66 42
40 0.36 0.68 43
40 0.36 0.7 44
40 0.36 0.72 45
40 0.36 0.76 47
40 0.36 0.74 49
40 0.36 0.78 49
40 0.36 0.8 48
40 0.36 0.82 49
40 0.36 0.84 62
40 0.36 0.86 67
40 0.36 0.88 86
40 0.36 0.92 118
40 0.36 0.9 100
40 0.36 0.94 110
40 0.36 0.96 91
40 0.36 0.98 120
40 0.36 1 229
40 0.38 0 37
40 0.38 0.02 38
40 0.38 0.06 37
40 0.38 0.04 36
40 0.38 0.08 38
40 0.38 0.1 38
40 0.38 0.12 36
40 0.38 0.14 37
40 0.38 0.16 37
40 0.38 0.18 38
40 0.38 0.2 38
40 0.38 0.22 40
40 0.38 0.24 37
40 0.38 0.26 38
40 0.38 0.28 39
40 0.38 0.3 38
40 0.38 0.32 37
40 0.38 0.34 37
40 0.38 0.36 36
40 0.38 0.38 35
40 0.38 0.4 37
40 0.38 0.42 36
40 0.38 0.44 37
40 0.38 0.46 38
40 0.38 0.48 37
40 0.38 0.5 36
40 0.38 0.52 36
40 0.38 0.54 37
40 0.38 0.56 37
40 0.38 0.58 37
40 0.38 0.6 37
40 0.38 0.62 39
40 0.38 0.64 38
40 0.38 0.66 38
40 0.38 0.68 41
40 0.38 0.7 41
40 0.38 0.72 41
40 0.38 0.74 42
40 0.38 0.76 44
40 0.38 0.78 43
40 0.38 0.8 47
40 0.38 0.82 51
40 0.38 0.84 52
40 0.38 0.86 57
40 0.38 0.88 67
40 0.38 0.9 79
40 0.38 0.92 97
40 0.38 0.94 141
40 0.38 0.96 105
40 0.38 0.98 201
40 0.4 0 36
40 0.38 1 112
40 0.4 0.02 35
40 0.4 0.04 35
40 0.4 0.06 36
40 0.4 0.08 35
40 0.4 0.1 36
40 0.4 0.12 36
40 0.4 0.14 35
40 0.4 0.16 35
40 0.4 0.18 35
40 0.4 0.2 35
40 0.4 0.22 35
40 0.4 0.24 35
40 0.4 0.26 35
40 0.4 0.28 35
40 0.4 0.3 35
40 0.4 0.32 35
40 0.4 0.36 36
40 0.4 0.34 35
40 0.4 0.38 35
40 0.4 0.4 35
40 0.4 0.42 37
40 0.4 0.44 36
40 0.4 0.48 37
40 0.4 0.46 37
40 0.4 0.5 36
40 0.4 0.52 37
40 0.4 0.54 36
40 0.4 0.56 36
40 0.4 0.58 37
40 0.4 0.6 37
40 0.4 0.62 39
40 0.4 0.64 38
40 0.4 0.68 38
40 0.4 0.66 39
40 0.4 0.7 38
40 0.4 0.72 39
40 0.4 0.74 41
40 0.4 0.76 42
40 0.4 0.8 47
40 0.4 0.78 43
40 0.4 0.82 46
40 0.4 0.84 50
40 0.4 0.86 49
40 0.4 0.88 58
40 0.4 0.9 53
40 0.4 0.92 59
40 0.4 0.94 85
40 0.4 0.96 91
40 0.4 0.98 143
40 0.4 1 97
40 0.42 0 34
40 0.42 0.02 34
40 0.42 0.06 35
40 0.42 0.04 34
40 0.42 0.08 35
40 0.42 0.1 34
40 0.42 0.12 35
40 0.42 0.14 34
40 0.42 0.18 34
40 0.42 0.16 34
40 0.42 0.2 34
40 0.42 0.22 33
40 0.42 0.24 34
40 0.42 0.26 36
40 0.42 0.28 35
40 0.42 0.3 37
40 0.42 0.32 36
40 0.42 0.34 35
40 0.42 0.36 35
40 0.42 0.38 37
40 0.42 0.4 37
40 0.42 0.42 37
40 0.42 0.44 34
40 0.42 0.46 36
40 0.42 0.48 36
40 0.42 0.5 36
40 0.42 0.52 36
40 0.42 0.54 36
40 0.42 0.56 35
40 0.42 0.58 36
40 0.42 0.6 37
40 0.42 0.62 37
40 0.42 0.64 38
40 0.42 0.66 37
40 0.42 0.68 39
40 0.42 0.7 39
40 0.42 0.72 40
40 0.42 0.74 40
40 0.42 0.76 42
40 0.42 0.78 43
40 0.42 0.8 46
40 0.42 0.82 45
40 0.42 0.84 46
40 0.42 0.86 43
40 0.42 0.88 55
40 0.42 0.9 61
40 0.42 0.92 77
40 0.42 0.94 72
40 0.42 0.96 100
40 0.42 0.98 82
40 0.42 1 104
40 0.44 0 34
40 0.44 0.02 35
40 0.44 0.04 34
40 0.44 0.06 34
40 0.44 0.08 34
40 0.44 0.1 33
40 0.44 0.12 33
40 0.44 0.14 34
40 0.44 0.16 33
40 0.44 0.18 34
40 0.44 0.2 35
40 0.44 0.22 35
40 0.44 0.24 34
40 0.44 0.26 33
40 0.44 0.28 33
40 0.44 0.3 34
40 0.44 0.32 35
40 0.44 0.34 34
40 0.44 0.36 34
40 0.44 0.38 33
40 0.44 0.4 34
40 0.44 0.42 34
40 0.44 0.44 34
40 0.44 0.46 35
40 0.44 0.48 35
40 0.44 0.5 35
40 0.44 0.52 35
40 0.44 0.54 35
40 0.44 0.56 34
40 0.44 0.58 34
40 0.44 0.6 36
40 0.44 0.62 35
40 0.44 0.64 35
40 0.44 0.66 36
40 0.44 0.68 38
40 0.44 0.7 39
40 0.44 0.72 39
40 0.44 0.74 38
40 0.44 0.76 40
40 0.44 0.78 41
40 0.44 0.8 42
40 0.44 0.82 42
40 0.44 0.84 44
40 0.44 0.86 45
40 0.44 0.88 46
40 0.44 0.9 51
40 0.44 0.92 60
40 0.44 0.94 64
40 0.44 0.96 77
40 0.44 0.98 78
40 0.44 1 100
40 0.46 0 34
40 0.46 0.02 33
40 0.46 0.04 34
40 0.46 0.06 34
40 0.46 0.08 34
40 0.46 0.1 34
40 0.46 0.12 34
40 0.46 0.14 33
40 0.46 0.16 33
40 0.46 0.18 32
40 0.46 0.2 32
40 0.46 0.22 33
40 0.46 0.24 34
40 0.46 0.26 33
40 0.46 0.28 34
40 0.46 0.3 33
40 0.46 0.32 34
40 0.46 0.34 34
40 0.46 0.36 33
40 0.46 0.38 35
40 0.46 0.4 34
40 0.46 0.42 34
40 0.46 0.44 35
40 0.46 0.46 35
40 0.46 0.48 35
40 0.46 0.5 34
40 0.46 0.52 35
40 0.46 0.54 34
40 0.46 0.56 35
40 0.46 0.58 35
40 0.46 0.6 35
40 0.46 0.62 35
40 0.46 0.64 34
40 0.46 0.66 34
40 0.46 0.68 36
40 0.46 0.7 37
40 0.46 0.72 36
40 0.46 0.74 37
40 0.46 0.76 37
40 0.46 0.78 37
40 0.46 0.8 41
40 0.46 0.82 41
40 0.46 0.84 42
40 0.46 0.86 41
40 0.46 0.88 42
40 0.46 0.9 50
40 0.46 0.92 59
40 0.46 0.94 74
40 0.46 0.96 53
40 0.46 0.98 66
40 0.46 1 63
40 0.48 0 32
40 0.48 0.02 32
40 0.48 0.04 32
40 0.48 0.06 33
40 0.48 0.08 33
40 0.48 0.1 32
40 0.48 0.14 32
40 0.48 0.12 33
40 0.48 0.16 34
40 0.48 0.18 34
40 0.48 0.22 34
40 0.48 0.2 33
40 0.48 0.24 33
40 0.48 0.26 33
40 0.48 0.28 33
40 0.48 0.3 33
40 0.48 0.34 33
40 0.48 0.32 33
40 0.48 0.36 33
40 0.48 0.38 33
40 0.48 0.42 33
40 0.48 0.4 34
40 0.48 0.46 34
40 0.48 0.44 34
40 0.48 0.5 34
40 0.48 0.48 34
40 0.48 0.54 34
40 0.48 0.52 34
40 0.48 0.58 34
40 0.48 0.56 34
40 0.48 0.6 36
40 0.48 0.62 34
40 0.48 0.64 35
40 0.48 0.66 35
40 0.48 0.68 36
40 0.48 0.7 36
40 0.48 0.72 37
40 0.48 0.74 36
40 0.48 0.76 38
40 0.48 0.78 37
40 0.48 0.8 38
40 0.48 0.82 39
40 0.48 0.84 41
40 0.48 0.86 43
40 0.48 0.88 44
40 0.48 0.9 44
40 0.48 0.92 51
40 0.48 0.94 52
40 0.48 0.96 59
40 0.48 0.98 68
40 0.48 1 70
40 0.5 0 33
40 0.5 0.02 32
40 0.5 0.04 33
40 0.5 0.06 33
40 0.5 0.08 32
40 0.5 0.1 33
40 0.5 0.12 33
40 0.5 0.14 33
40 0.5 0.16 33
40 0.5 0.18 33
40 0.5 0.2 34
40 0.5 0.22 32
40 0.5 0.24 33
40 0.5 0.26 32
40 0.5 0.28 33
40 0.5 0.3 33
40 0.5 0.32 33
40 0.5 0.34 32
40 0.5 0.36 33
40 0.5 0.38 34
40 0.5 0.4 34
40 0.5 0.42 32
40 0.5 0.44 33
40 0.5 0.46 33
40 0.5 0.48 33
40 0.5 0.5 34
40 0.5 0.52 32
40 0.5 0.54 33
40 0.5 0.56 33
40 0.5 0.58 34
40 0.5 0.6 34
40 0.5 0.62 33
40 0.5 0.64 34
40 0.5 0.66 33
40 0.5 0.68 34
40 0.5 0.7 36
40 0.5 0.72 35
40 0.5 0.74 37
40 0.5 0.76 37
40 0.5 0.78 38
40 0.5 0.8 37
40 0.5 0.82 39
40 0.5 0.84 39
40 0.5 0.86 40
40 0.5 0.88 44
40 0.5 0.9 51
40 0.5 0.92 45
40 0.5 0.94 59
40 0.5 0.96 59
40 0.5 0.98 80
40 0.5 1 66
40 0.52 0 32
40 0.52 0.02 32
40 0.52 0.04 32
40 0.52 0.06 32
40 0.52 0.08 32
40 0.52 0.1 32
40 0.52 0.12 32
40 0.52 0.14 32
40 0.52 0.16 32
40 0.52 0.18 33
40 0.52 0.2 34
40 0.52 0.22 33
40 0.52 0.24 32
40 0.52 0.26 32
40 0.52 0.28 32
40 0.52 0.3 32
40 0.52 0.32 33
40 0.52 0.34 33
40 0.52 0.36 32
40 0.52 0.38 32
40 0.52 0.4 31
40 0.52 0.42 31
40 0.52 0.44 31
40 0.52 0.46 32
40 0.52 0.48 32
40 0.52 0.5 31
40 0.52 0.52 32
40 0.52 0.54 32
40 0.52 0.56 33
40 0.52 0.58 32
40 0.52 0.6 33
40 0.52 0.62 34
40 0.52 0.64 32
40 0.52 0.66 33
40 0.52 0.68 34
40 0.52 0.7 34
40 0.52 0.72 35
40 0.52 0.74 35
40 0.52 0.76 35
40 0.52 0.78 35
40 0.52 0.8 36
40 0.52 0.82 36
40 0.52 0.84 38
40 0.52 0.86 40
40 0.52 0.88 38
40 0.52 0.9 40
40 0.52 0.92 46
40 0.52 0.94 46
40 0.52 0.96 63
40 0.52 0.98 80
40 0.52 1 66
40 0.54 0 32
40 0.54 0.02 33
40 0.54 0.04 32
40 0.54 0.06 31
40 0.54 0.08 32
40 0.54 0.1 32
40 0.54 0.12 32
40 0.54 0.14 32
40 0.54 0.16 32
40 0.54 0.18 32
40 0.54 0.2 31
40 0.54 0.22 32
40 0.54 0.24 31
40 0.54 0.26 31
40 0.54 0.28 32
40 0.54 0.3 32
40 0.54 0.32 31
40 0.54 0.34 32
40 0.54 0.36 32
40 0.54 0.38 33
40 0.54 0.4 32
40 0.54 0.42 33
40 0.54 0.44 32
40 0.54 0.46 32
40 0.54 0.48 33
40 0.54 0.5 33
40 0.54 0.52 32
40 0.54 0.54 32
40 0.54 0.56 32
40 0.54 0.58 33
40 0.54 0.6 34
40 0.54 0.62 32
40 0.54 0.64 34
40 0.54 0.66 34
40 0.54 0.68 34
40 0.54 0.7 33
40 0.54 0.72 34
40 0.54 0.74 34
40 0.54 0.76 35
40 0.54 0.78 36
40 0.54 0.8 36
40 0.54 0.82 37
40 0.54 0.84 36
40 0.54 0.86 40
40 0.54 0.88 41
40 0.54 0.9 42
40 0.54 0.92 43
40 0.54 0.94 48
40 0.54 0.96 58
40 0.54 0.98 54
40 0.54 1 71
40 0.56 0 32
40 0.56 0.02 32
40 0.56 0.04 32
40 0.56 0.06 32
40 0.56 0.08 32
40 0.56 0.1 32
40 0.56 0.12 32
40 0.56 0.14 32
40 0.56 0.16 32
40 0.56 0.18 32
40 0.56 0.2 31
40 0.56 0.22 30
40 0.56 0.24 31
40 0.56 0.26 31
40 0.56 0.28 31
40 0.56 0.3 31
40 0.56 0.32 32
40 0.56 0.34 32
40 0.56 0.36 32
40 0.56 0.38 31
40 0.56 0.4 31
40 0.56 0.42 31
40 0.56 0.44 32
40 0.56 0.46 32
40 0.56 0.48 32
40 0.56 0.5 32
40 0.56 0.52 32
40 0.56 0.54 32
40 0.56 0.56 32
40 0.56 0.58 31
40 0.56 0.6 33
40 0.56 0.62 32
40 0.56 0.64 32
40 0.56 0.66 33
40 0.56 0.68 33
40 0.56 0.7 33
40 0.56 0.72 34
40 0.56 0.74 34
40 0.56 0.76 33
40 0.56 0.78 34
40 0.56 0.8 33
40 0.56 0.82 36
40 0.56 0.84 36
40 0.56 0.86 35
40 0.56 0.88 38
40 0.56 0.9 41
40 0.56 0.92 40
40 0.56 0.96 42
40 0.56 0.94 44
40 0.56 1 54
40 0.56 0.98 44
40 0.58 0 30
40 0.58 0.02 31
40 0.58 0.04 31
40 0.58 0.06 31
40 0.58 0.08 30
40 0.58 0.1 31
40 0.58 0.12 31
40 0.58 0.14 31
40 0.58 0.16 32
40 0.58 0.18 31
40 0.58 0.2 31
40 0.58 0.22 32
40 0.58 0.24 30
40 0.58 0.26 31
40 0.58 0.28 31
40 0.58 0.3 31
40 0.58 0.32 31
40 0.58 0.34 31
40 0.58 0.36 31
40 0.58 0.38 31
40 0.58 0.42 31
40 0.58 0.4 32
40 0.58 0.44 31
40 0.58 0.46 31
40 0.58 0.48 31
40 0.58 0.5 31
40 0.58 0.52 31
40 0.58 0.54 31
40 0.58 0.56 32
40 0.58 0.58 31
40 0.58 0.6 31
40 0.58 0.62 31
40 0.58 0.64 33
40 0.58 0.66 32
40 0.58 0.68 32
40 0.58 0.7 33
40 0.58 0.72 32
40 0.58 0.74 33
40 0.58 0.76 34
40 0.58 0.78 34
40 0.58 0.8 33
40 0.58 0.82 34
40 0.58 0.84 34
40 0.58 0.86 36
40 0.58 0.88 36
40 0.58 0.9 37
40 0.58 0.92 39
40 0.58 0.94 42
40 0.58 0.96 43
40 0.58 0.98 42
40 0.58 1 56
40 0.6 0 30
40 0.6 0.02 29
40 0.6 0.04 31
40 0.6 0.06 31
40 0.6 0.08 31
40 0.6 0.1 30
40 0.6 0.12 31
40 0.6 0.14 31
40 0.6 0.16 31
40 0.6 0.18 32
40 0.6 0.22 31
40 0.6 0.2 31
40 0.6 0.24 30
40 0.6 0.26 30
40 0.6 0.28 30
40 0.6 0.3 30
40 0.6 0.32 30
40 0.6 0.34 30
40 0.6 0.36 30
40 0.6 0.38 30
40 0.6 0.4 30
40 0.6 0.42 31
40 0.6 0.44 30
40 0.6 0.46 31
40 0.6 0.48 31
40 0.6 0.5 31
40 0.6 0.52 31
40 0.6 0.54 30
40 0.6 0.56 31
40 0.6 0.58 30
40 0.6 0.6 31
40 0.6 0.62 31
40 0.6 0.64 31
40 0.6 0.66 31
40 0.6 0.68 31
40 0.6 0.7 32
40 0.6 0.72 32
40 0.6 0.74 32
40 0.6 0.76 32
40 0.6 0.78 33
40 0.6 0.8 33
40 0.6 0.82 36
40 0.6 0.84 34
40 0.6 0.86 35
40 0.6 0.88 35
40 0.6 0.9 36
40 0.6 0.92 38
40 0.6 0.94 39
40 0.6 0.96 38
40 0.6 0.98 45
40 0.6 1 52
40 0.62 0 30
40 0.62 0.02 30
40 0.62 0.04 29
40 0.62 0.06 29
40 0.62 0.08 30
40 0.62 0.1 30
40 0.62 0.12 30
40 0.62 0.14 30
40 0.62 0.16 30
40 0.62 0.18 30
40 0.62 0.2 30
40 0.62 0.22 30
40 0.62 0.24 31
40 0.62 0.26 30
40 0.62 0.28 29
40 0.62 0.3 29
40 0.62 0.32 30
40 0.62 0.34 30
40 0.62 0.36 30
40 0.62 0.38 30
40 0.62 0.4 30
40 0.62 0.42 30
40 0.62 0.44 31
40 0.62 0.46 30
40 0.62 0.48 31
40 0.62 0.5 31
40 0.62 0.52 32
40 0.62 0.54 31
40 0.62 0.56 31
40 0.62 0.58 31
40 0.62 0.6 31
40 0.62 0.62 30
40 0.62 0.64 30
40 0.62 0.66 31
40 0.62 0.68 31
40 0.62 0.7 31
40 0.62 0.72 31
40 0.62 0.74 32
40 0.62 0.76 32
40 0.62 0.78 32
40 0.62 0.8 33
40 0.62 0.82 34
40 0.62 0.84 34
40 0.62 0.88 36
40 0.62 0.86 35
40 0.62 0.92 36
40 0.62 0.9 35
40 0.62 0.94 38
40 0.62 0.96 45
40 0.62 0.98 44
40 0.62 1 54
40 0.64 0 30
40 0.64 0.02 30
40 0.64 0.04 30
40 0.64 0.06 29
40 0.64 0.08 30
40 0.64 0.1 30
40 0.64 0.14 30
40 0.64 0.12 30
40 0.64 0.18 30
40 0.64 0.16 30
40 0.64 0.2 31
40 0.64 0.22 31
40 0.64 0.26 30
40 0.64 0.24 30
40 0.64 0.28 30
40 0.64 0.3 31
40 0.64 0.32 30
40 0.64 0.34 30
40 0.64 0.36 30
40 0.64 0.38 31
40 0.64 0.4 31
40 0.64 0.42 31
40 0.64 0.46 30
40 0.64 0.44 31
40 0.64 0.48 31
40 0.64 0.5 31
40 0.64 0.54 31
40 0.64 0.52 32
40 0.64 0.56 31
40 0.64 0.58 31
40 0.64 0.6 30
40 0.64 0.62 31
40 0.64 0.64 31
40 0.64 0.66 32
40 0.64 0.68 31
40 0.64 0.7 31
40 0.64 0.72 31
40 0.64 0.74 31
40 0.64 0.76 31
40 0.64 0.78 32
40 0.64 0.8 32
40 0.64 0.82 33
40 0.64 0.84 32
40 0.64 0.86 33
40 0.64 0.88 34
40 0.64 0.9 34
40 0.64 0.92 38
40 0.64 0.94 38
40 0.64 0.96 38
40 0.64 0.98 44
40 0.64 1 49
40 0.66 0 29
40 0.66 0.02 30
40 0.66 0.04 29
40 0.66 0.06 29
40 0.66 0.08 29
40 0.66 0.1 29
40 0.66 0.12 29
40 0.66 0.14 29
40 0.66 0.16 29
40 0.66 0.18 29
40 0.66 0.2 29
40 0.66 0.22 29
40 0.66 0.24 30
40 0.66 0.26 30
40 0.66 0.28 30
40 0.66 0.3 29
40 0.66 0.32 30
40 0.66 0.34 30
40 0.66 0.36 29
40 0.66 0.38 30
40 0.66 0.4 29
40 0.66 0.42 30
40 0.66 0.44 30
40 0.66 0.46 31
40 0.66 0.48 30
40 0.66 0.5 30
40 0.66 0.52 31
40 0.66 0.54 30
40 0.66 0.56 31
40 0.66 0.58 31
40 0.66 0.6 30
40 0.66 0.62 30
40 0.66 0.64 30
40 0.66 0.66 31
40 0.66 0.68 31
40 0.66 0.7 31
40 0.66 0.72 31
40 0.66 0.74 31
40 0.66 0.76 31
40 0.66 0.78 32
40 0.66 0.8 32
40 0.66 0.82 32
40 0.66 0.84 34
40 0.66 0.86 33
40 0.66 0.88 35
40 0.66 0.9 34
40 0.66 0.92 35
40 0.66 0.94 36
40 0.66 0.96 43
40 0.66 0.98 38
40 0.66 1 44
40 0.68 0 29
40 0.68 0.02 30
40 0.68 0.04 30
40 0.68 0.06 30
40 0.68 0.08 30
40 0.68 0.1 30
40 0.68 0.12 30
40 0.68 0.14 29
40 0.68 0.16 29
40 0.68 0.18 30
40 0.68 0.22 30
40 0.68 0.2 30
40 0.68 0.24 29
40 0.68 0.26 30
40 0.68 0.28 30
40 0.68 0.3 30
40 0.68 0.32 30
40 0.68 0.34 29
40 0.68 0.36 29
40 0.68 0.38 30
40 0.68 0.4 30
40 0.68 0.42 29
40 0.68 0.44 29
40 0.68 0.46 29
40 0.68 0.48 30
40 0.68 0.5 29
40 0.68 0.52 30
40 0.68 0.54 30
40 0.68 0.56 29
40 0.68 0.58 30
40 0.68 0.6 30
40 0.68 0.62 30
40 0.68 0.64 30
40 0.68 0.66 31
40 0.68 0.68 30
40 0.68 0.7 31
40 0.68 0.72 31
40 0.68 0.74 31
40 0.68 0.76 31
40 0.68 0.78 32
40 0.68 0.8 32
40 0.68 0.82 33
40 0.68 0.84 32
40 0.68 0.86 33
40 0.68 0.88 33
40 0.68 0.9 35
40 0.68 0.92 36
40 0.68 0.94 36
40 0.68 0.96 38
40 0.68 0.98 38
40 0.68 1 49
40 0.7 0 29
40 0.7 0.02 30
40 0.7 0.04 29
40 0.7 0.06 29
40 0.7 0.08 29
40 0.7 0.1 30
40 0.7 0.12 29
40 0.7 0.14 30
40 0.7 0.16 29
40 0.7 0.18 29
40 0.7 0.2 29
40 0.7 0.22 30
40 0.7 0.24 29
40 0.7 0.26 29
40 0.7 0.28 29
40 0.7 0.3 30
40 0.7 0.32 30
40 0.7 0.34 30
40 0.7 0.36 30
40 0.7 0.38 29
40 0.7 0.4 29
40 0.7 0.42 30
40 0.7 0.44 30
40 0.7 0.46 30
40 0.7 0.48 30
40 0.7 0.5 29
40 0.7 0.52 29
40 0.7 0.54 29
40 0.7 0.56 29
40 0.7 0.58 30
40 0.7 0.6 30
40 0.7 0.62 29
40 0.7 0.64 29
40 0.7 0.66 30
40 0.7 0.68 30
40 0.7 0.7 30
40 0.7 0.72 30
40 0.7 0.74 30
40 0.7 0.76 31
40 0.7 0.78 30
40 0.7 0.8 31
40 0.7 0.82 32
40 0.7 0.84 32
40 0.7 0.86 32
40 0.7 0.88 33
40 0.7 0.9 34
40 0.7 0.92 36
40 0.7 0.96 39
40 0.7 0.94 36
40 0.7 0.98 39
40 0.7 1 42
40 0.72 0 29
40 0.72 0.02 29
40 0.72 0.04 29
40 0.72 0.06 29
40 0.72 0.08 29
40 0.72 0.1 29
40 0.72 0.12 29
40 0.72 0.14 29
40 0.72 0.16 29
40 0.72 0.18 29
40 0.72 0.2 29
40 0.72 0.22 29
40 0.72 0.24 29
40 0.72 0.26 29
40 0.72 0.28 29
40 0.72 0.3 29
40 0.72 0.32 28
40 0.72 0.34 29
40 0.72 0.36 29
40 0.72 0.38 28
40 0.72 0.4 29
40 0.72 0.42 29
40 0.72 0.44 29
40 0.72 0.46 29
40 0.72 0.48 29
40 0.72 0.5 29
40 0.72 0.52 29
40 0.72 0.54 29
40 0.72 0.56 30
40 0.72 0.58 30
40 0.72 0.6 29
40 0.72 0.62 30
40 0.72 0.64 30
40 0.72 0.66 29
40 0.72 0.68 29
40 0.72 0.7 29
40 0.72 0.72 30
40 0.72 0.74 31
40 0.72 0.76 30
40 0.72 0.8 30
40 0.72 0.78 30
40 0.72 0.82 31
40 0.72 0.84 31
40 0.72 0.88 33
40 0.72 0.86 32
40 0.72 0.9 34
40 0.72 0.92 34
40 0.72 0.94 37
40 0.72 0.96 36
40 0.72 0.98 37
40 0.72 1 41
40 0.74 0 28
40 0.74 0.02 28
40 0.74 0.04 29
40 0.74 0.06 28
40 0.74 0.08 29
40 0.74 0.1 28
40 0.74 0.12 29
40 0.74 0.14 28
40 0.74 0.16 29
40 0.74 0.18 29
40 0.74 0.2 29
40 0.74 0.22 29
40 0.74 0.24 28
40 0.74 0.26 28
40 0.74 0.28 29
40 0.74 0.3 29
40 0.74 0.32 29
40 0.74 0.34 29
40 0.74 0.36 29
40 0.74 0.38 29
40 0.74 0.4 29
40 0.74 0.42 29
40 0.74 0.44 29
40 0.74 0.46 29
40 0.74 0.48 29
40 0.74 0.5 29
40 0.74 0.52 28
40 0.74 0.54 29
40 0.74 0.56 29
40 0.74 0.58 29
40 0.74 0.6 29
40 0.74 0.62 29
40 0.74 0.64 29
40 0.74 0.66 29
40 0.74 0.68 30
40 0.74 0.7 30
40 0.74 0.72 30
40 0.74 0.74 30
40 0.74 0.76 30
40 0.74 0.78 30
40 0.74 0.8 31
40 0.74 0.82 31
40 0.74 0.84 31
40 0.74 0.86 32
40 0.74 0.88 32
40 0.74 0.9 33
40 0.74 0.92 33
40 0.74 0.94 35
40 0.74 0.96 35
40 0.74 0.98 37
40 0.74 1 38
40 0.76 0 29
40 0.76 0.02 29
40 0.76 0.04 29
40 0.76 0.06 29
40 0.76 0.08 28
40 0.76 0.1 28
40 0.76 0.12 28
40 0.76 0.14 28
40 0.76 0.16 28
40 0.76 0.18 28
40 0.76 0.2 28
40 0.76 0.22 28
40 0.76 0.24 28
40 0.76 0.26 29
40 0.76 0.28 29
40 0.76 0.3 28
40 0.76 0.32 29
40 0.76 0.34 28
40 0.76 0.36 28
40 0.76 0.38 28
40 0.76 0.4 28
40 0.76 0.42 28
40 0.76 0.44 29
40 0.76 0.46 29
40 0.76 0.48 29
40 0.76 0.5 28
40 0.76 0.52 29
40 0.76 0.54 29
40 0.76 0.56 29
40 0.76 0.58 29
40 0.76 0.6 29
40 0.76 0.62 29
40 0.76 0.64 29
40 0.76 0.66 29
40 0.76 0.68 29
40 0.76 0.7 29
40 0.76 0.72 30
40 0.76 0.74 30
40 0.76 0.76 30
40 0.76 0.78 30
40 0.76 0.8 30
40 0.76 0.82 30
40 0.76 0.84 31
40 0.76 0.86 32
40 0.76 0.88 32
40 0.76 0.9 34
40 0.76 0.92 36
40 0.76 0.94 37
40 0.76 0.96 37
40 0.76 0.98 38
40 0.76 1 43
40 0.78 0 28
40 0.78 0.02 28
40 0.78 0.04 28
40 0.78 0.06 28
40 0.78 0.08 28
40 0.78 0.1 28
40 0.78 0.12 28
40 0.78 0.14 28
40 0.78 0.16 28
40 0.78 0.18 28
40 0.78 0.2 28
40 0.78 0.22 28
40 0.78 0.24 28
40 0.78 0.26 28
40 0.78 0.28 28
40 0.78 0.3 28
40 0.78 0.32 28
40 0.78 0.34 28
40 0.78 0.36 28
40 0.78 0.38 28
40 0.78 0.4 28
40 0.78 0.42 29
40 0.78 0.44 29
40 0.78 0.46 28
40 0.78 0.48 28
40 0.78 0.5 28
40 0.78 0.52 28
40 0.78 0.54 29
40 0.78 0.56 29
40 0.78 0.58 29
40 0.78 0.6 29
40 0.78 0.62 29
40 0.78 0.64 29
40 0.78 0.66 29
40 0.78 0.68 29
40 0.78 0.7 29
40 0.78 0.72 29
40 0.78 0.74 30
40 0.78 0.76 30
40 0.78 0.78 30
40 0.78 0.8 30
40 0.78 0.82 31
40 0.78 0.84 31
40 0.78 0.86 32
40 0.78 0.88 31
40 0.78 0.9 33
40 0.78 0.92 34
40 0.78 0.94 34
40 0.78 0.96 39
40 0.78 0.98 37
40 0.78 1 43
40 0.8 0 28
40 0.8 0.02 28
40 0.8 0.04 28
40 0.8 0.06 28
40 0.8 0.1 28
40 0.8 0.08 28
40 0.8 0.12 28
40 0.8 0.14 28
40 0.8 0.16 28
40 0.8 0.18 28
40 0.8 0.2 28
40 0.8 0.22 29
40 0.8 0.24 28
40 0.8 0.26 28
40 0.8 0.28 28
40 0.8 0.3 28
40 0.8 0.32 28
40 0.8 0.34 29
40 0.8 0.36 28
40 0.8 0.38 29
40 0.8 0.4 29
40 0.8 0.42 28
40 0.8 0.44 29
40 0.8 0.46 29
40 0.8 0.48 29
40 0.8 0.5 29
40 0.8 0.52 28
40 0.8 0.54 29
40 0.8 0.56 29
40 0.8 0.58 29
40 0.8 0.6 29
40 0.8 0.62 29
40 0.8 0.64 29
40 0.8 0.66 29
40 0.8 0.68 29
40 0.8 0.7 30
40 0.8 0.72 30
40 0.8 0.74 30
40 0.8 0.76 30
40 0.8 0.78 30
40 0.8 0.8 30
40 0.8 0.82 30
40 0.8 0.84 31
40 0.8 0.86 31
40 0.8 0.88 33
40 0.8 0.9 33
40 0.8 0.92 34
40 0.8 0.94 35
40 0.8 0.96 41
40 0.8 0.98 38
40 0.8 1 41
40 0.82 0 27
40 0.82 0.02 28
40 0.82 0.04 28
40 0.82 0.06 28
40 0.82 0.08 28
40 0.82 0.1 28
40 0.82 0.12 28
40 0.82 0.14 28
40 0.82 0.16 28
40 0.82 0.18 28
40 0.82 0.2 28
40 0.82 0.22 28
40 0.82 0.24 28
40 0.82 0.26 28
40 0.82 0.28 28
40 0.82 0.3 29
40 0.82 0.32 28
40 0.82 0.34 28
40 0.82 0.36 28
40 0.82 0.38 28
40 0.82 0.4 28
40 0.82 0.42 28
40 0.82 0.44 28
40 0.82 0.46 28
40 0.82 0.48 28
40 0.82 0.5 28
40 0.82 0.52 28
40 0.82 0.54 28
40 0.82 0.56 28
40 0.82 0.58 28
40 0.82 0.6 29
40 0.82 0.62 29
40 0.82 0.64 28
40 0.82 0.66 29
40 0.82 0.68 29
40 0.82 0.7 29
40 0.82 0.72 29
40 0.82 0.74 29
40 0.82 0.76 29
40 0.82 0.78 30
40 0.82 0.8 31
40 0.82 0.82 30
40 0.82 0.84 31
40 0.82 0.86 32
40 0.82 0.88 33
40 0.82 0.9 33
40 0.82 0.92 34
40 0.82 0.94 37
40 0.82 0.96 36
40 0.82 0.98 37
40 0.82 1 39
40 0.84 0 28
40 0.84 0.02 28
40 0.84 0.04 28
40 0.84 0.06 28
40 0.84 0.08 28
40 0.84 0.1 28
40 0.84 0.12 28
40 0.84 0.14 28
40 0.84 0.16 28
40 0.84 0.18 28
40 0.84 0.2 28
40 0.84 0.22 28
40 0.84 0.24 28
40 0.84 0.26 28
40 0.84 0.3 27
40 0.84 0.28 28
40 0.84 0.32 27
40 0.84 0.34 27
40 0.84 0.38 28
40 0.84 0.36 28
40 0.84 0.42 28
40 0.84 0.4 28
40 0.84 0.44 28
40 0.84 0.46 28
40 0.84 0.48 28
40 0.84 0.5 28
40 0.84 0.52 28
40 0.84 0.54 28
40 0.84 0.56 28
40 0.84 0.58 28
40 0.84 0.6 28
40 0.84 0.62 28
40 0.84 0.64 29
40 0.84 0.66 28
40 0.84 0.68 28
40 0.84 0.7 29
40 0.84 0.74 29
40 0.84 0.72 28
40 0.84 0.76 29
40 0.84 0.78 30
40 0.84 0.8 30
40 0.84 0.82 30
40 0.84 0.84 31
40 0.84 0.86 31
40 0.84 0.88 33
40 0.84 0.9 33
40 0.84 0.92 34
40 0.84 0.94 37
40 0.84 0.96 36
40 0.84 0.98 39
40 0.84 1 43
40 0.86 0 27
40 0.86 0.02 28
40 0.86 0.04 28
40 0.86 0.06 28
40 0.86 0.08 28
40 0.86 0.1 28
40 0.86 0.12 28
40 0.86 0.14 27
40 0.86 0.16 27
40 0.86 0.18 28
40 0.86 0.2 28
40 0.86 0.22 27
40 0.86 0.24 28
40 0.86 0.26 27
40 0.86 0.28 27
40 0.86 0.3 27
40 0.86 0.32 27
40 0.86 0.34 28
40 0.86 0.36 27
40 0.86 0.38 28
40 0.86 0.4 28
40 0.86 0.42 28
40 0.86 0.44 27
40 0.86 0.46 28
40 0.86 0.48 27
40 0.86 0.5 28
40 0.86 0.52 28
40 0.86 0.54 28
40 0.86 0.56 28
40 0.86 0.58 28
40 0.86 0.6 28
40 0.86 0.62 28
40 0.86 0.64 28
40 0.86 0.66 28
40 0.86 0.68 29
40 0.86 0.7 29
40 0.86 0.72 29
40 0.86 0.74 29
40 0.86 0.76 29
40 0.86 0.78 30
40 0.86 0.8 31
40 0.86 0.82 31
40 0.86 0.84 31
40 0.86 0.86 31
40 0.86 0.88 33
40 0.86 0.9 33
40 0.86 0.92 35
40 0.86 0.94 35
40 0.86 0.96 39
40 0.86 0.98 53
40 0.86 1 59
40 0.88 0 27
40 0.88 0.02 27
40 0.88 0.04 27
40 0.88 0.06 27
40 0.88 0.08 27
40 0.88 0.1 27
40 0.88 0.12 27
40 0.88 0.14 27
40 0.88 0.16 27
40 0.88 0.18 27
40 0.88 0.2 28
40 0.88 0.22 27
40 0.88 0.24 27
40 0.88 0.26 27
40 0.88 0.28 27
40 0.88 0.3 27
40 0.88 0.32 27
40 0.88 0.34 28
40 0.88 0.36 28
40 0.88 0.38 28
40 0.88 0.4 28
40 0.88 0.42 28
40 0.88 0.44 28
40 0.88 0.46 28
40 0.88 0.48 28
40 0.88 0.5 28
40 0.88 0.52 28
40 0.88 0.54 28
40 0.88 0.56 28
40 0.88 0.58 28
40 0.88 0.6 28
40 0.88 0.62 28
40 0.88 0.64 28
40 0.88 0.66 28
40 0.88 0.68 29
40 0.88 0.7 29
40 0.88 0.72 29
40 0.88 0.74 29
40 0.88 0.76 29
40 0.88 0.78 30
40 0.88 0.8 31
40 0.88 0.82 31
40 0.88 0.84 32
40 0.88 0.86 31
40 0.88 0.88 33
40 0.88 0.9 35
40 0.88 0.92 37
40 0.88 0.94 39
40 0.88 0.96 41
40 0.88 0.98 51
40 0.88 1 69
40 0.9 0 27
40 0.9 0.02 27
40 0.9 0.04 27
40 0.9 0.06 27
40 0.9 0.08 27
40 0.9 0.1 27
40 0.9 0.12 27
40 0.9 0.14 28
40 0.9 0.16 28
40 0.9 0.18 28
40 0.9 0.2 27
40 0.9 0.22 27
40 0.9 0.24 27
40 0.9 0.26 27
40 0.9 0.28 27
40 0.9 0.3 27
40 0.9 0.32 27
40 0.9 0.34 27
40 0.9 0.36 27
40 0.9 0.38 27
40 0.9 0.4 27
40 0.9 0.42 27
40 0.9 0.44 27
40 0.9 0.46 27
40 0.9 0.48 28
40 0.9 0.5 27
40 0.9 0.52 27
40 0.9 0.54 28
40 0.9 0.56 28
40 0.9 0.58 28
40 0.9 0.6 28
40 0.9 0.62 28
40 0.9 0.64 28
40 0.9 0.66 28
40 0.9 0.68 28
40 0.9 0.7 28
40 0.9 0.72 29
40 0.9 0.74 29
40 0.9 0.76 29
40 0.9 0.78 31
40 0.9 0.8 30
40 0.9 0.84 31
40 0.9 0.82 31
40 0.9 0.86 31
40 0.9 0.88 33
40 0.9 0.9 33
40 0.9 0.92 37
40 0.9 0.94 37
40 0.9 0.96 43
40 0.9 0.98 53
40 0.9 1 61
40 0.92 0 27
40 0.92 0.02 27
40 0.92 0.04 27
40 0.92 0.06 27
40 0.92 0.08 27
40 0.92 0.1 27
40 0.92 0.12 27
40 0.92 0.14 27
40 0.92 0.16 27
40 0.92 0.18 27
40 0.92 0.2 27
40 0.92 0.22 27
40 0.92 0.24 27
40 0.92 0.26 27
40 0.92 0.28 27
40 0.92 0.3 27
40 0.92 0.32 27
40 0.92 0.34 27
40 0.92 0.38 27
40 0.92 0.36 27
40 0.92 0.4 27
40 0.92 0.42 27
40 0.92 0.44 27
40 0.92 0.46 27
40 0.92 0.48 27
40 0.92 0.5 27
40 0.92 0.52 27
40 0.92 0.54 27
40 0.92 0.56 28
40 0.92 0.58 28
40 0.92 0.6 28
40 0.92 0.62 28
40 0.92 0.64 28
40 0.92 0.66 28
40 0.92 0.68 29
40 0.92 0.7 29
40 0.92 0.72 29
40 0.92 0.74 29
40 0.92 0.76 29
40 0.92 0.78 30
40 0.92 0.8 31
40 0.92 0.82 31
40 0.92 0.84 31
40 0.92 0.86 33
40 0.92 0.88 33
40 0.92 0.9 37
40 0.92 0.92 41
40 0.92 0.94 45
40 0.92 0.96 59
40 0.92 0.98 73
40 0.92 1 77
40 0.94 0 27
40 0.94 0.02 27
40 0.94 0.04 27
40 0.94 0.06 27
40 0.94 0.08 27
40 0.94 0.1 27
40 0.94 0.12 27
40 0.94 0.14 27
40 0.94 0.16 27
40 0.94 0.18 27
40 0.94 0.2 27
40 0.94 0.22 27
40 0.94 0.24 27
40 0.94 0.26 27
40 0.94 0.28 27
40 0.94 0.3 27
40 0.94 0.32 27
40 0.94 0.34 27
40 0.94 0.36 27
40 0.94 0.38 27
40 0.94 0.4 27
40 0.94 0.42 27
40 0.94 0.44 27
40 0.94 0.46 27
40 0.94 0.48 27
40 0.94 0.5 28
40 0.94 0.52 27
40 0.94 0.54 28
40 0.94 0.56 27
40 0.94 0.58 28
40 0.94 0.6 28
40 0.94 0.62 28
40 0.94 0.64 28
40 0.94 0.66 28
40 0.94 0.68 29
40 0.94 0.7 29
40 0.94 0.72 29
40 0.94 0.74 29
40 0.94 0.76 29
40 0.94 0.78 31
40 0.94 0.8 31
40 0.94 0.84 31
40 0.94 0.82 31
40 0.94 0.86 35
40 0.94 0.88 37
40 0.94 0.9 41
40 0.94 0.92 45
40 0.94 0.94 51
40 0.94 0.96 57
40 0.94 0.98 89
40 0.94 1 97
40 0.96 0 27
40 0.96 0.02 27
40 0.96 0.04 27
40 0.96 0.06 27
40 0.96 0.08 27
40 0.96 0.1 27
40 0.96 0.12 27
40 0.96 0.14 27
40 0.96 0.16 27
40 0.96 0.18 27
40 0.96 0.2 27
40 0.96 0.22 27
40 0.96 0.24 27
40 0.96 0.26 27
40 0.96 0.28 27
40 0.96 0.3 27
40 0.96 0.32 27
40 0.96 0.34 27
40 0.96 0.36 27
40 0.96 0.38 27
40 0.96 0.4 27
40 0.96 0.42 27
40 0.96 0.44 27
40 0.96 0.46 27
40 0.96 0.48 27
40 0.96 0.5 27
40 0.96 0.52 27
40 0.96 0.54 27
40 0.96 0.56 28
40 0.96 0.58 28
40 0.96 0.6 28
40 0.96 0.62 28
40 0.96 0.64 28
40 0.96 0.66 29
40 0.96 0.68 29
40 0.96 0.7 29
40 0.96 0.72 29
40 0.96 0.74 29
40 0.96 0.76 31
40 0.96 0.78 30
40 0.96 0.8 31
40 0.96 0.82 33
40 0.96 0.84 33
40 0.96 0.86 37
40 0.96 0.88 39
40 0.96 0.9 45
40 0.96 0.92 49
40 0.96 0.94 43
40 0.96 0.96 79
40 0.96 0.98 67
40 0.96 1 109
40 0.98 0 27
40 0.98 0.02 27
40 0.98 0.04 27
40 0.98 0.06 27
40 0.98 0.08 27
40 0.98 0.1 27
40 0.98 0.12 27
40 0.98 0.14 27
40 0.98 0.16 27
40 0.98 0.18 27
40 0.98 0.2 27
40 0.98 0.22 27
40 0.98 0.24 27
40 0.98 0.26 27
40 0.98 0.28 27
40 0.98 0.3 27
40 0.98 0.32 27
40 0.98 0.34 27
40 0.98 0.36 27
40 0.98 0.38 27
40 0.98 0.4 27
40 0.98 0.42 27
40 0.98 0.44 27
40 0.98 0.46 27
40 0.98 0.48 27
40 0.98 0.5 27
40 0.98 0.52 27
40 0.98 0.54 27
40 0.98 0.56 28
40 0.98 0.58 28
40 0.98 0.6 28
40 0.98 0.62 28
40 0.98 0.64 28
40 0.98 0.66 29
40 0.98 0.68 29
40 0.98 0.7 29
40 0.98 0.72 29
40 0.98 0.74 30
40 0.98 0.76 31
40 0.98 0.78 31
40 0.98 0.8 31
40 0.98 0.82 33
40 0.98 0.84 37
40 0.98 0.86 37
40 0.98 0.88 47
40 0.98 0.9 47
40 0.98 0.92 69
40 0.98 0.94 89
40 0.98 0.96 93
40 0.98 0.98 105
40 0.98 1 663
40 1 0 27
40 1 0.02 27
40 1 0.04 27
40 1 0.06 27
40 1 0.08 27
40 1 0.1 27
40 1 0.12 27
40 1 0.14 27
40 1 0.16 27
40 1 0.18 27
40 1 0.2 27
40 1 0.22 27
40 1 0.24 27
40 1 0.26 27
40 1 0.28 27
40 1 0.3 27
40 1 0.32 27
40 1 0.34 27
40 1 0.36 27
40 1 0.38 27
40 1 0.4 27
40 1 0.44 27
40 1 0.42 27
40 1 0.48 27
40 1 0.46 27
40 1 0.5 27
40 1 0.52 27
40 1 0.54 27
40 1 0.56 27
40 1 0.58 28
40 1 0.6 28
40 1 0.62 28
40 1 0.64 28
40 1 0.66 29
40 1 0.68 29
40 1 0.7 29
40 1 0.72 29
40 1 0.74 31
40 1 0.76 31
40 1 0.78 31
40 1 0.8 33
40 1 0.82 35
40 1 0.84 35
40 1 0.86 41
40 1 0.88 61
40 1 0.9 65
40 1 0.92 89
40 1 0.94 117
40 1 0.96 273
40 1 0.98 773
40 1 1 1000
40 0 0.02 1000
40 0 0 1000
40 0 0.04 1000
40 0 0.06 1000
40 0 0.08 1000
40 0 0.1 1000
40 0 0.12 1000
40 0 0.14 1000
40 0 0.16 1000
40 0 0.18 1000
40 0 0.2 1000
40 0 0.22 1000
40 0 0.24 1000
40 0 0.26 1000
40 0 0.28 1000
40 0 0.3 1000
40 0 0.32 1000
40 0 0.34 1000
40 0 0.36 1000
40 0 0.38 1000
40 0 0.4 1000
40 0 0.42 1000
40 0 0.44 1000
40 0 0.46 1000
40 0 0.5 1000
40 0 0.48 1000
40 0 0.52 1000
40 0 0.54 1000
40 0 0.56 1000
40 0 0.58 1000
40 0 0.6 1000
40 0 0.62 1000
40 0 0.64 1000
40 0 0.66 1000
40 0 0.68 1000
40 0 0.7 1000
40 0 0.72 1000
40 0 0.74 1000
40 0 0.76 1000
40 0 0.78 1000
40 0 0.8 1000
40 0 0.82 1000
40 0 0.84 1000
40 0 0.86 1000
40 0 0.88 1000
40 0 0.9 1000
40 0 0.92 1000
40 0 0.94 1000
40 0 0.96 1000
40 0 0.98 1000
40 0 1 1000
40 0.02 0 273
40 0.02 0.04 325
40 0.02 0.02 286
40 0.02 0.06 316
40 0.02 0.08 345
40 0.02 0.12 450
40 0.02 0.1 333
40 0.02 0.16 611
40 0.02 0.14 497
40 0.02 0.18 1000
40 0.02 0.2 1000
40 0.02 0.22 1000
40 0.02 0.24 1000
40 0.02 0.28 1000
40 0.02 0.26 1000
40 0.02 0.3 1000
40 0.02 0.32 1000
40 0.02 0.36 1000
40 0.02 0.34 1000
40 0.02 0.38 1000
40 0.02 0.4 1000
40 0.02 0.44 1000
40 0.02 0.42 1000
40 0.02 0.46 1000
40 0.02 0.48 1000
40 0.02 0.5 1000
40 0.02 0.52 1000
40 0.02 0.54 1000
40 0.02 0.56 1000
40 0.02 0.58 1000
40 0.02 0.6 1000
40 0.02 0.62 1000
40 0.02 0.64 1000
40 0.02 0.66 1000
40 0.02 0.68 1000
40 0.02 0.72 1000
40 0.02 0.7 1000
40 0.02 0.74 1000
40 0.02 0.76 1000
40 0.02 0.8 1000
40 0.02 0.78 1000
40 0.02 0.84 1000
40 0.02 0.82 1000
40 0.02 0.86 1000
40 0.02 0.9 1000
40 0.02 0.88 1000
40 0.02 0.92 1000
40 0.02 0.94 1000
40 0.02 0.96 1000
40 0.02 0.98 1000
40 0.02 1 1000
40 0.04 0 147
40 0.04 0.02 144
40 0.04 0.04 164
40 0.04 0.08 162
40 0.04 0.06 183
40 0.04 0.1 169
40 0.04 0.12 198
40 0.04 0.14 176
40 0.04 0.16 204
40 0.04 0.18 201
40 0.04 0.2 224
40 0.04 0.22 227
40 0.04 0.26 379
40 0.04 0.24 271
40 0.04 0.28 336
40 0.04 0.3 392
40 0.04 0.34 695
40 0.04 0.32 545
40 0.04 0.36 871
40 0.04 0.38 1000
40 0.04 0.42 1000
40 0.04 0.4 795
40 0.04 0.44 1000
40 0.04 0.46 1000
40 0.04 0.48 1000
40 0.04 0.5 1000
40 0.04 0.52 1000
40 0.04 0.54 1000
40 0.04 0.56 1000
40 0.04 0.58 1000
40 0.04 0.62 1000
40 0.04 0.6 1000
40 0.04 0.64 1000
40 0.04 0.66 1000
40 0.04 0.68 1000
40 0.04 0.7 1000
40 0.04 0.72 1000
40 0.04 0.74 1000
40 0.04 0.76 1000
40 0.04 0.78 1000
40 0.04 0.8 1000
40 0.04 0.82 1000
40 0.04 0.86 1000
40 0.04 0.84 1000
40 0.04 0.9 1000
40 0.04 0.88 1000
40 0.04 0.92 1000
40 0.04 0.94 1000
40 0.04 0.98 1000
40 0.04 0.96 1000
40 0.04 1 1000
40 0.06 0 109
40 0.06 0.02 107
40 0.06 0.04 124
40 0.06 0.06 121
40 0.06 0.08 122
40 0.06 0.12 114
40 0.06 0.1 114
40 0.06 0.16 119
40 0.06 0.14 118
40 0.06 0.18 122
40 0.06 0.2 128
40 0.06 0.22 131
40 0.06 0.24 136
40 0.06 0.26 148
40 0.06 0.28 169
40 0.06 0.3 159
40 0.06 0.32 202
40 0.06 0.34 291
40 0.06 0.36 241
40 0.06 0.38 293
40 0.06 0.4 324
40 0.06 0.44 356
40 0.06 0.42 365
40 0.06 0.46 404
40 0.06 0.48 399
40 0.06 0.52 812
40 0.06 0.5 566
40 0.06 0.54 1000
40 0.06 0.56 1000
40 0.06 0.58 1000
40 0.06 0.6 938
40 0.06 0.62 1000
40 0.06 0.64 1000
40 0.06 0.68 1000
40 0.06 0.66 1000
40 0.06 0.7 1000
40 0.06 0.72 1000
40 0.06 0.76 1000
40 0.06 0.74 1000
40 0.06 0.78 1000
40 0.06 0.8 1000
40 0.06 0.82 1000
40 0.06 0.84 1000
40 0.06 0.86 1000
40 0.06 0.88 1000
40 0.06 0.9 1000
40 0.06 0.92 1000
40 0.06 0.94 1000
40 0.06 0.96 1000
40 0.06 0.98 1000
40 0.06 1 1000
40 0.08 0 101
40 0.08 0.02 103
40 0.08 0.04 94
40 0.08 0.06 97
40 0.08 0.1 97
40 0.08 0.08 85
40 0.08 0.12 100
40 0.08 0.16 93
40 0.08 0.14 100
40 0.08 0.2 99
40 0.08 0.18 93
40 0.08 0.22 95
40 0.08 0.24 108
40 0.08 0.26 105
40 0.08 0.28 114
40 0.08 0.3 108
40 0.08 0.32 113
40 0.08 0.34 133
40 0.08 0.36 135
40 0.08 0.38 140
40 0.08 0.4 173
40 0.08 0.42 181
40 0.08 0.44 208
40 0.08 0.46 253
40 0.08 0.48 271
40 0.08 0.5 387
40 0.08 0.52 533
40 0.08 0.54 688
40 0.08 0.56 359
40 0.08 0.58 837
40 0.08 0.6 548
40 0.08 0.62 524
40 0.08 0.64 1000
40 0.08 0.66 708
40 0.08 0.68 1000
40 0.08 0.7 1000
40 0.08 0.72 1000
40 0.08 0.74 1000
40 0.08 0.76 1000
40 0.08 0.78 1000
40 0.08 0.8 1000
40 0.08 0.82 1000
40 0.08 0.84 1000
40 0.08 0.86 1000
40 0.08 0.88 1000
40 0.08 0.9 1000
40 0.08 0.92 1000
40 0.08 0.94 1000
40 0.08 0.96 1000
40 0.08 0.98 1000
40 0.08 1 1000
40 0.1 0 73
40 0.1 0.02 74
40 0.1 0.04 76
40 0.1 0.06 75
40 0.1 0.1 78
40 0.1 0.08 66
40 0.1 0.12 78
40 0.1 0.14 78
40 0.1 0.16 78
40 0.1 0.18 80
40 0.1 0.2 81
40 0.1 0.22 78
40 0.1 0.24 76
40 0.1 0.26 80
40 0.1 0.28 88
40 0.1 0.3 83
40 0.1 0.32 87
40 0.1 0.34 91
40 0.1 0.38 92
40 0.1 0.36 94
40 0.1 0.42 102
40 0.1 0.4 96
40 0.1 0.46 138
40 0.1 0.44 123
40 0.1 0.48 125
40 0.1 0.5 132
40 0.1 0.52 196
40 0.1 0.54 229
40 0.1 0.56 285
40 0.1 0.58 250
40 0.1 0.6 429
40 0.1 0.62 541
40 0.1 0.66 343
40 0.1 0.64 358
40 0.1 0.68 893
40 0.1 0.7 1000
40 0.1 0.74 719
40 0.1 0.72 653
40 0.1 0.76 1000
40 0.1 0.78 1000
40 0.1 0.82 1000
40 0.1 0.8 1000
40 0.1 0.84 1000
40 0.1 0.86 1000
40 0.1 0.88 1000
40 0.1 0.9 1000
40 0.1 0.92 1000
40 0.1 0.94 1000
40 0.1 0.96 1000
40 0.1 0.98 1000
40 0.1 1 1000
40 0.12 0 68
40 0.12 0.02 68
40 0.12 0.04 72
40 0.12 0.08 71
40 0.12 0.06 71
40 0.12 0.1 68
40 0.12 0.12 70
40 0.12 0.16 74
40 0.12 0.14 72
40 0.12 0.18 71
40 0.12 0.22 70
40 0.12 0.2 69
40 0.12 0.24 75
40 0.12 0.26 79
40 0.12 0.28 82
40 0.12 0.3 80
40 0.12 0.32 78
40 0.12 0.34 83
40 0.12 0.36 80
40 0.12 0.38 87
40 0.12 0.4 85
40 0.12 0.42 91
40 0.12 0.44 89
40 0.12 0.46 89
40 0.12 0.48 104
40 0.12 0.5 129
40 0.12 0.52 156
40 0.12 0.54 146
40 0.12 0.56 188
40 0.12 0.58 170
40 0.12 0.6 160
40 0.12 0.62 246
40 0.12 0.64 255
40 0.12 0.66 276
40 0.12 0.68 312
40 0.12 0.7 460
40 0.12 0.72 803
40 0.12 0.76 951
40 0.12 0.74 1000
40 0.12 0.8 487
40 0.12 0.78 1000
40 0.12 0.82 1000
40 0.12 0.84 1000
40 0.12 0.86 1000
40 0.12 0.88 1000
40 0.12 0.9 1000
40 0.12 0.92 1000
40 0.12 0.94 1000
40 0.12 0.96 1000
40 0.12 1 1000
40 0.12 0.98 1000
40 0.14 0 56
40 0.14 0.02 57
40 0.14 0.04 61
40 0.14 0.06 57
40 0.14 0.08 63
40 0.14 0.1 63
40 0.14 0.12 63
40 0.14 0.14 62
40 0.14 0.16 65
40 0.14 0.18 66
40 0.14 0.2 66
40 0.14 0.22 66
40 0.14 0.24 67
40 0.14 0.26 65
40 0.14 0.28 65
40 0.14 0.3 65
40 0.14 0.32 64
40 0.14 0.34 67
40 0.14 0.36 68
40 0.14 0.38 69
40 0.14 0.4 68
40 0.14 0.42 70
40 0.14 0.44 71
40 0.14 0.46 78
40 0.14 0.48 81
40 0.14 0.5 74
40 0.14 0.52 99
40 0.14 0.54 106
40 0.14 0.56 110
40 0.14 0.58 106
40 0.14 0.6 129
40 0.14 0.62 161
40 0.14 0.66 217
40 0.14 0.64 192
40 0.14 0.7 208
40 0.14 0.68 245
40 0.14 0.74 386
40 0.14 0.72 202
40 0.14 0.76 296
40 0.14 0.78 518
40 0.14 0.8 1000
40 0.14 0.82 686
40 0.14 0.84 1000
40 0.14 0.86 1000
40 0.14 0.88 1000
40 0.14 0.9 1000
40 0.14 0.92 1000
40 0.14 0.94 1000
40 0.14 0.96 1000
40 0.14 0.98 1000
40 0.16 0 51
40 0.14 1 1000
40 0.16 0.02 56
40 0.16 0.04 54
40 0.16 0.06 57
40 0.16 0.08 56
40 0.16 0.1 57
40 0.16 0.12 59
40 0.16 0.14 57
40 0.16 0.16 57
40 0.16 0.18 53
40 0.16 0.2 57
40 0.16 0.22 58
40 0.16 0.24 57
40 0.16 0.26 57
40 0.16 0.28 56
40 0.16 0.3 56
40 0.16 0.32 58
40 0.16 0.34 56
40 0.16 0.36 58
40 0.16 0.38 64
40 0.16 0.4 63
40 0.16 0.42 63
40 0.16 0.44 66
40 0.16 0.46 62
40 0.16 0.48 72
40 0.16 0.5 67
40 0.16 0.54 78
40 0.16 0.52 73
40 0.16 0.58 85
40 0.16 0.56 85
40 0 0 1000
40 0 0.02 1000
40 0 0.06 1000
40 0 0.04 1000
40 0 0.08 1000
40 0 0.1 1000
40 0 0.12 1000
40 0 0.14 1000
40 0 0.16 1000
40 0 0.18 1000
40 0 0.2 1000
40 0 0.22 1000
40 0 0.24 1000
40 0 0.26 1000
40 0 0.28 1000
40 0 0.3 1000
40 0 0.34 1000
40 0 0.32 1000
40 0 0.36 1000
40 0 0.38 1000
40 0 0.4 1000
40 0 0.42 1000
40 0 0.44 1000
40 0 0.46 1000
40 0 0.5 1000
40 0 0.48 1000
40 0 0.52 1000
40 0 0.54 1000
40 0 0.58 1000
40 0 0.56 1000
40 0 0.6 1000
40 0 0.62 1000
40 0 0.64 1000
40 0 0.66 1000
40 0 0.68 1000
40 0 0.7 1000
40 0 0.72 1000
40 0 0.74 1000
40 0 0.78 1000
40 0 0.76 1000
40 0 0.8 1000
40 0 0.82 1000
40 0 0.84 1000
40 0 0.86 1000
40 0 0.88 1000
40 0 0.9 1000
40 0 0.92 1000
40 0 0.94 1000
40 0 0.96 1000
40 0 0.98 1000
40 0 1 1000
40 0.02 0 288
40 0.02 0.02 302
40 0.02 0.04 289
40 0.02 0.06 334
40 0.02 0.08 353
40 0.02 0.1 400
40 0.02 0.14 467
40 0.02 0.12 450
40 0.02 0.16 667
40 0.02 0.18 669
40 0.02 0.2 811
40 0.02 0.22 1000
40 0.02 0.24 1000
40 0.02 0.26 1000
40 0.02 0.28 1000
40 0.02 0.3 1000
40 0.02 0.32 1000
40 0.02 0.34 1000
40 0.02 0.36 1000
40 0.02 0.38 1000
40 0.02 0.4 1000
40 0.02 0.44 1000
40 0.02 0.42 1000
40 0.02 0.46 1000
40 0.02 0.48 1000
40 0.02 0.5 1000
40 0.02 0.52 1000
40 0.02 0.54 1000
40 0.02 0.56 1000
40 0.02 0.6 1000
40 0.02 0.58 1000
40 0.02 0.64 1000
40 0.02 0.62 1000
40 0.02 0.66 1000
40 0.02 0.68 1000
40 0.02 0.7 1000
40 0.02 0.72 1000
40 0.02 0.74 1000
40 0.02 0.76 1000
40 0.02 0.78 1000
40 0.02 0.8 1000
40 0.02 0.84 1000
40 0.02 0.82 1000
40 0.02 0.86 1000
40 0.02 0.88 1000
40 0.02 0.9 1000
40 0.02 0.92 1000
40 0.02 0.94 1000
40 0.02 0.96 1000
40 0.02 1 1000
40 0.02 0.98 1000
40 0.04 0 164
40 0.04 0.02 158
40 0.04 0.04 155
40 0.04 0.06 158
40 0.04 0.1 156
40 0.04 0.08 169
40 0.04 0.12 171
40 0.04 0.14 164
40 0.04 0.16 179
40 0.04 0.18 183
40 0.04 0.2 202
40 0.04 0.22 248
40 0.04 0.24 252
40 0.04 0.26 296
40 0.04 0.28 404
40 0.04 0.3 362
40 0.04 0.32 516
40 0.04 0.34 979
40 0.04 0.36 1000
40 0.04 0.38 1000
40 0.04 0.4 645
40 0.04 0.42 1000
40 0.04 0.44 1000
40 0.04 0.46 1000
40 0.04 0.48 1000
40 0.04 0.5 1000
40 0.04 0.52 1000
40 0.04 0.54 1000
40 0.04 0.56 1000
40 0.04 0.58 1000
40 0.04 0.6 1000
40 0.04 0.62 1000
40 0.04 0.66 1000
40 0.04 0.64 1000
40 0.04 0.68 1000
40 0.04 0.7 1000
40 0.04 0.74 1000
40 0.04 0.72 1000
40 0.04 0.76 1000
40 0.04 0.78 1000
40 0.04 0.8 1000
40 0.04 0.82 1000
40 0.04 0.84 1000
40 0.04 0.86 1000
40 0.04 0.88 1000
40 0.04 0.9 1000
40 0.04 0.92 1000
40 0.04 0.94 1000
40 0.04 0.96 1000
40 0.04 0.98 1000
40 0.04 1 1000
40 0.06 0 126
40 0.06 0.02 125
40 0.06 0.04 120
40 0.06 0.06 124
40 0.06 0.08 116
40 0.06 0.12 126
40 0.06 0.1 126
40 0.06 0.14 122
40 0.06 0.16 118
40 0.06 0.18 128
40 0.06 0.2 135
40 0.06 0.22 153
40 0.06 0.24 143
40 0.06 0.26 149
40 0.06 0.28 168
40 0.06 0.3 202
40 0.06 0.32 179
40 0.06 0.34 246
40 0.06 0.36 261
40 0.06 0.38 278
40 0.06 0.4 410
40 0.06 0.42 330
40 0.06 0.44 422
40 0.06 0.46 582
40 0.06 0.48 500
40 0.06 0.5 863
40 0.06 0.52 495
40 0.06 0.54 1000
40 0.06 0.56 1000
40 0.06 0.58 597
40 0.06 0.6 948
40 0.06 0.64 1000
40 0.06 0.62 1000
40 0.06 0.66 1000
40 0.06 0.68 1000
40 0.06 0.7 1000
40 0.06 0.72 1000
40 0.06 0.74 1000
40 0.06 0.76 1000
40 0.06 0.78 1000
40 0.06 0.8 1000
40 0.06 0.82 1000
40 0.06 0.84 1000
40 0.06 0.86 1000
40 0.06 0.88 1000
40 0.06 0.9 1000
40 0.06 0.94 1000
40 0.06 0.92 1000
40 0.06 0.98 1000
40 0.06 0.96 1000
40 0.06 1 1000
40 0.08 0 104
40 0.08 0.02 97
40 0.08 0.04 96
40 0.08 0.06 99
40 0.08 0.08 97
40 0.08 0.1 100
40 0.08 0.12 97
40 0.08 0.14 96
40 0.08 0.16 91
40 0.08 0.18 102
40 0.08 0.2 102
40 0.08 0.24 104
40 0.08 0.22 105
40 0.08 0.26 121
40 0.08 0.28 108
40 0.08 0.3 125
40 0.08 0.32 118
40 0.08 0.34 136
40 0.08 0.36 149
40 0.08 0.38 160
40 0.08 0.4 169
40 0.08 0.42 168
40 0.08 0.44 179
40 0.08 0.46 217
40 0.08 0.48 256
40 0.08 0.5 271
40 0.08 0.52 231
40 0.08 0.54 551
40 0.08 0.56 286
40 0.08 0.58 510
40 0.08 0.6 642
40 0.08 0.62 497
40 0.08 0.64 1000
40 0.08 0.66 1000
40 0.08 0.68 1000
40 0.08 0.7 1000
40 0.08 0.72 1000
40 0.08 0.76 1000
40 0.08 0.74 1000
40 0.08 0.78 1000
40 0.08 0.8 1000
40 0.08 0.82 1000
40 0.08 0.84 1000
40 0.08 0.86 1000
40 0.08 0.88 1000
40 0.08 0.9 1000
40 0.08 0.92 1000
40 0.08 0.96 1000
40 0.08 0.94 1000
40 0.08 0.98 1000
40 0.08 1 1000
40 0.1 0 76
40 0.1 0.02 76
40 0.1 0.04 82
40 0.1 0.06 78
40 0.1 0.08 77
40 0.1 0.1 80
40 0.1 0.12 85
40 0.1 0.14 82
40 0.1 0.16 86
40 0.1 0.18 82
40 0.1 0.2 84
40 0.1 0.22 82
40 0.1 0.26 80
40 0.1 0.24 73
40 0.1 0.28 77
40 0.1 0.3 84
40 0.1 0.32 83
40 0.1 0.36 95
40 0.1 0.34 82
40 0.1 0.38 99
40 0.1 0.4 99
40 0.1 0.42 115
40 0.1 0.44 110
40 0.1 0.46 138
40 0.1 0.48 157
40 0.1 0.5 158
40 0.1 0.52 155
40 0.1 0.54 205
40 0.1 0.56 262
40 0.1 0.6 205
40 0.1 0.58 244
40 0.1 0.62 293
40 0.1 0.64 780
40 0.1 0.66 434
40 0.1 0.7 1000
40 0.1 0.68 697
40 0.1 0.72 461
40 0.1 0.74 1000
40 0.1 0.76 356
40 0.1 0.78 1000
40 0.1 0.82 1000
40 0.1 0.8 387
40 0.1 0.86 1000
40 0.1 0.84 1000
40 0.1 0.88 1000
40 0.1 0.92 1000
40 0.1 0.9 1000
40 0.1 0.94 1000
40 0.1 0.96 1000
40 0.1 0.98 1000
40 0.1 1 1000
40 0.12 0 67
40 0.12 0.02 68
40 0.12 0.06 71
40 0.12 0.04 70
40 0.12 0.08 79
40 0.12 0.1 75
40 0.12 0.12 67
40 0.12 0.14 70
40 0.12 0.18 75
40 0.12 0.16 71
40 0.12 0.2 71
40 0.12 0.22 76
40 0.12 0.24 81
40 0.12 0.26 79
40 0.12 0.28 72
40 0.12 0.3 76
40 0.12 0.32 76
40 0.12 0.34 82
40 0.12 0.36 80
40 0.12 0.38 80
40 0.12 0.4 80
40 0.12 0.42 84
40 0.12 0.44 91
40 0.12 0.46 94
40 0.12 0.48 119
40 0.12 0.5 112
40 0.12 0.52 140
40 0.12 0.54 149
40 0.12 0.58 187
40 0.12 0.56 138
40 0.12 0.6 166
40 0.12 0.62 346
40 0.12 0.64 200
40 0.12 0.66 236
40 0.12 0.7 339
40 0.12 0.68 307
40 0.12 0.74 612
40 0.12 0.72 1000
40 0.12 0.78 1000
40 0.12 0.76 1000
40 0.12 0.8 448
40 0.12 0.82 1000
40 0.12 0.84 1000
40 0.12 0.86 1000
40 0.12 0.88 1000
40 0.12 0.9 1000
40 0.12 0.92 1000
40 0.12 0.94 1000
40 0.12 0.96 1000
40 0.12 0.98 1000
40 0.12 1 1000
40 0.14 0 61
40 0.14 0.02 62
40 0.14 0.04 63
40 0.14 0.08 62
40 0.14 0.06 63
40 0.14 0.12 61
40 0.14 0.1 60
40 0.14 0.14 67
40 0.14 0.16 65
40 0.14 0.18 64
40 0.14 0.2 63
40 0.14 0.22 61
40 0.14 0.24 67
40 0.14 0.26 62
40 0.14 0.28 66
40 0.14 0.3 64
40 0.14 0.32 62
40 0.14 0.34 65
40 0.14 0.36 70
40 0.14 0.38 63
40 0.14 0.4 73
40 0.14 0.44 75
40 0.14 0.42 72
40 0.14 0.46 78
40 0.14 0.48 91
40 0.14 0.5 90
40 0.14 0.54 99
40 0.14 0.52 96
40 0.14 0.56 115
40 0.14 0.58 126
40 0.14 0.62 136
40 0.14 0.6 129
40 0.14 0.64 187
40 0.14 0.68 264
40 0.14 0.66 230
40 0.14 0.7 343
40 0.14 0.72 226
40 0.14 0.74 1000
40 0.14 0.76 215
40 0.14 0.78 1000
40 0.14 0.8 468
40 0.14 0.82 968
40 0.14 0.84 488
40 0.14 0.86 1000
40 0.14 0.88 1000
40 0.14 0.9 1000
40 0.14 0.92 1000
40 0.14 0.94 1000
40 0.14 0.96 1000
40 0.14 0.98 1000
40 0.14 1 1000
40 0.16 0 57
40 0.16 0.02 60
40 0.16 0.04 61
40 0.16 0.06 58
40 0.16 0.08 60
40 0.16 0.1 60
40 0.16 0.12 58
40 0.16 0.14 62
40 0.16 0.18 62
40 0.16 0.16 63
40 0.16 0.2 54
40 0.16 0.22 57
40 0.16 0.24 56
40 0.16 0.26 59
40 0.16 0.28 60
40 0.16 0.3 58
40 0.16 0.32 60
40 0.16 0.34 57
40 0.16 0.36 60
40 0.16 0.38 60
40 0.16 0.4 62
40 0.16 0.42 66
40 0.16 0.44 69
40 0.16 0.46 66
40 0.16 0.5 75
40 0.16 0.48 67
40 0.16 0.52 80
40 0.16 0.56 76
40 0.16 0.54 76
40 0.16 0.6 99
40 0.16 0.58 86
40 0.16 0.62 112
40 0.16 0.64 141
40 0.16 0.66 167
40 0.16 0.68 162
40 0.16 0.7 165
40 0.16 0.74 226
40 0.16 0.72 232
40 0.16 0.76 368
40 0.16 0.78 210
40 0.16 0.8 246
40 0.16 0.82 1000
40 0.16 0.84 750
40 0.16 0.86 1000
40 0.16 0.9 831
40 0.16 0.88 1000
40 0.16 0.92 1000
40 0.16 0.94 1000
40 0.16 0.96 1000
40 0.16 0.98 1000
40 0.16 1 1000
40 0.18 0 52
40 0.18 0.02 53
40 0.18 0.04 56
40 0.18 0.06 54
40 0.18 0.08 53
40 0.18 0.1 50
40 0.18 0.12 51
40 0.18 0.14 51
40 0.18 0.16 53
40 0.18 0.2 53
40 0.18 0.18 54
40 0.18 0.22 56
40 0.18 0.24 53
40 0.18 0.28 58
40 0.18 0.26 56
40 0.18 0.3 57
40 0.18 0.32 58
40 0.18 0.34 60
40 0.18 0.36 60
40 0.18 0.38 56
40 0.18 0.4 59
40 0.18 0.42 62
40 0.18 0.44 59
40 0.18 0.46 64
40 0.18 0.48 61
40 0.18 0.5 63
40 0.18 0.52 65
40 0.18 0.54 66
40 0.18 0.56 67
40 0.18 0.58 70
40 0.18 0.6 73
40 0.18 0.62 85
40 0.18 0.64 86
40 0.18 0.66 98
40 0.18 0.68 114
40 0.18 0.7 123
40 0.18 0.72 118
40 0.18 0.76 161
40 0.18 0.74 137
40 0.18 0.8 181
40 0.18 0.78 205
40 0.18 0.82 240
40 0.18 0.84 342
40 0.18 0.86 539
40 0.18 0.88 392
40 0.18 0.9 1000
40 0.18 0.92 1000
40 0.18 0.94 1000
40 0.18 0.96 1000
40 0.18 0.98 1000
40 0.18 1 1000
40 0.2 0 49
40 0.2 0.02 53
40 0.2 0.06 50
40 0.2 0.04 50
40 0.2 0.08 48
40 0.2 0.1 50
40 0.2 0.12 50
40 0.2 0.14 48
40 0.2 0.16 48
40 0.2 0.18 54
40 0.2 0.2 49
40 0.2 0.22 51
40 0.2 0.24 50
40 0.2 0.26 50
40 0.2 0.28 52
40 0.2 0.3 52
40 0.2 0.32 52
40 0.2 0.34 55
40 0.2 0.36 50
40 0.2 0.38 52
40 0.2 0.4 53
40 0.2 0.42 49
40 0.2 0.44 52
40 0.2 0.46 52
40 0.2 0.5 56
40 0.2 0.48 54
40 0.2 0.52 55
40 0.2 0.54 63
40 0.2 0.58 65
40 0.2 0.56 60
40 0.2 0.6 65
40 0.2 0.62 73
40 0.2 0.64 70
40 0.2 0.66 76
40 0.2 0.68 81
40 0.2 0.7 92
40 0.2 0.72 106
40 0.2 0.74 117
40 0.2 0.76 116
40 0.2 0.78 154
40 0.2 0.8 144
40 0.2 0.82 195
40 0.2 0.86 196
40 0.2 0.84 384
40 0.2 0.88 1000
40 0.2 0.9 169
40 0.2 0.92 1000
40 0.2 0.94 1000
40 0.2 0.96 696
40 0.2 0.98 1000
40 0.2 1 1000
40 0.22 0 48
40 0.22 0.02 47
40 0.22 0.04 47
40 0.22 0.06 47
40 0.22 0.08 46
40 0.22 0.1 48
40 0.22 0.12 48
40 0.22 0.14 46
40 0.22 0.16 46
40 0.22 0.18 48
40 0.22 0.2 46
40 0.22 0.22 46
40 0.22 0.24 48
40 0.22 0.26 50
40 0.22 0.28 50
40 0.22 0.3 50
40 0.22 0.32 54
40 0.22 0.34 54
40 0.22 0.36 52
40 0.22 0.38 54
40 0.22 0.4 53
40 0.22 0.44 52
40 0.22 0.42 53
40 0.22 0.46 53
40 0.22 0.48 53
40 0.22 0.52 55
40 0.22 0.5 55
40 0.22 0.54 58
40 0.22 0.56 58
40 0.22 0.58 54
40 0.22 0.6 59
40 0.22 0.62 67
40 0.22 0.64 70
40 0.22 0.66 72
40 0.22 0.68 69
40 0.22 0.72 88
40 0.22 0.7 79
40 0.22 0.76 91
40 0.22 0.74 92
40 0.22 0.8 145
40 0.22 0.78 102
40 0.22 0.82 293
40 0.22 0.84 335
40 0.22 0.86 392
40 0.22 0.88 388
40 0.22 0.9 225
40 0.22 0.92 656
40 0.22 0.96 1000
40 0.22 0.94 1000
40 0.22 0.98 1000
40 0.22 1 1000
40 0.24 0.02 45
40 0.24 0 43
40 0.24 0.04 44
40 0.24 0.06 43
40 0.24 0.1 45
40 0.24 0.08 44
40 0.24 0.12 46
40 0.24 0.14 45
40 0.24 0.16 44
40 0.24 0.18 47
40 0.24 0.2 45
40 0.24 0.22 45
40 0.24 0.24 46
40 0.24 0.26 44
40 0.24 0.28 44
40 0.24 0.3 45
40 0.24 0.32 47
40 0.24 0.34 48
40 0.24 0.36 48
40 0.24 0.38 48
40 0.24 0.4 48
40 0.24 0.42 49
