40 0 0.02 1000
40 0 0 1000
40 0 0.06 1000
40 0 0.04 1000
40 0 0.08 1000
40 0 0.1 1000
40 0 0.12 1000
40 0 0.14 1000
40 0 0.16 1000
40 0 0.18 1000
40 0 0.22 1000
40 0 0.2 1000
40 0 0.24 1000
40 0 0.26 1000
40 0 0.28 1000
40 0 0.3 1000
40 0 0.32 1000
40 0 0.34 1000
40 0 0.36 1000
40 0 0.38 1000
40 0 0.4 1000
40 0 0.42 1000
40 0 0.44 1000
40 0 0.46 1000
40 0 0.48 1000
40 0 0.5 1000
40 0 0.52 1000
40 0 0.54 1000
40 0 0.56 1000
40 0 0.58 1000
40 0 0.6 1000
40 0 0.62 1000
40 0 0.64 1000
40 0 0.66 1000
40 0 0.68 1000
40 0 0.7 1000
40 0 0.72 1000
40 0 0.74 1000
40 0 0.76 1000
40 0 0.78 1000
40 0 0.8 1000
40 0 0.82 1000
40 0 0.84 1000
40 0 0.86 1000
40 0 0.88 1000
40 0 0.9 1000
40 0 0.92 1000
40 0 0.94 1000
40 0 0.96 1000
40 0 0.98 1000
40 0 1 1000
40 0.02 0 133
40 0.02 0.02 186
40 0.02 0.04 389
40 0.02 0.06 1000
40 0.02 0.08 1000
40 0.02 0.1 1000
40 0.02 0.12 1000
40 0.02 0.14 1000
40 0.02 0.16 1000
40 0.02 0.18 1000
40 0.02 0.2 1000
40 0.02 0.22 1000
40 0.02 0.24 1000
40 0.02 0.26 1000
40 0.02 0.28 1000
40 0.02 0.3 1000
40 0.02 0.32 1000
40 0.02 0.34 1000
40 0.02 0.36 1000
40 0.02 0.38 1000
40 0.02 0.4 1000
40 0.02 0.42 1000
40 0.02 0.44 1000
40 0.02 0.46 1000
40 0.02 0.48 1000
40 0.02 0.5 1000
40 0.02 0.52 1000
40 0.02 0.54 1000
40 0.02 0.56 1000
40 0.02 0.58 1000
40 0.02 0.6 1000
40 0.02 0.62 1000
40 0.02 0.64 1000
40 0.02 0.66 1000
40 0.02 0.68 1000
40 0.02 0.7 1000
40 0.02 0.72 1000
40 0.02 0.74 1000
40 0.02 0.76 1000
40 0.02 0.78 1000
40 0.02 0.8 1000
40 0.02 0.82 1000
40 0.02 0.84 1000
40 0.02 0.86 1000
40 0.02 0.88 1000
40 0.02 0.9 1000
40 0.02 0.92 1000
40 0.02 0.94 1000
40 0.02 0.96 1000
40 0.02 0.98 1000
40 0.04 0 56
40 0.02 1 1000
40 0.04 0.02 72
40 0.04 0.04 81
40 0.04 0.06 129
40 0.04 0.08 410
40 0.04 0.1 1000
40 0.04 0.12 1000
40 0.04 0.14 1000
40 0.04 0.16 1000
40 0.04 0.18 1000
40 0.04 0.2 1000
40 0.04 0.22 1000
40 0.04 0.24 1000
40 0.04 0.26 1000
40 0.04 0.28 1000
40 0.04 0.3 1000
40 0.04 0.32 1000
40 0.04 0.34 1000
40 0.04 0.36 1000
40 0.04 0.38 1000
40 0.04 0.4 1000
40 0.04 0.42 1000
40 0.04 0.44 1000
40 0.04 0.46 1000
40 0.04 0.48 1000
40 0.04 0.5 1000
40 0.04 0.52 1000
40 0.04 0.56 1000
40 0.04 0.54 1000
40 0.04 0.58 1000
40 0.04 0.6 1000
40 0.04 0.62 1000
40 0.04 0.64 1000
40 0.04 0.66 1000
40 0.04 0.68 1000
40 0.04 0.7 1000
40 0.04 0.72 1000
40 0.04 0.74 1000
40 0.04 0.76 1000
40 0.04 0.78 1000
40 0.04 0.8 1000
40 0.04 0.84 1000
40 0.04 0.82 1000
40 0.04 0.86 1000
40 0.04 0.88 1000
40 0.04 0.9 1000
40 0.04 0.92 1000
40 0.04 0.94 1000
40 0.04 0.96 1000
40 0.04 0.98 1000
40 0.04 1 1000
40 0.06 0 42
40 0.06 0.02 47
40 0.06 0.04 53
40 0.06 0.06 56
40 0.06 0.08 87
40 0.06 0.1 106
40 0.06 0.12 173
40 0.06 0.14 721
40 0.06 0.16 1000
40 0.06 0.18 1000
40 0.06 0.2 1000
40 0.06 0.22 1000
40 0.06 0.24 1000
40 0.06 0.26 1000
40 0.06 0.28 1000
40 0.06 0.3 1000
40 0.06 0.32 1000
40 0.06 0.34 1000
40 0.06 0.36 1000
40 0.06 0.38 1000
40 0.06 0.4 1000
40 0.06 0.42 1000
40 0.06 0.44 1000
40 0.06 0.46 1000
40 0.06 0.48 1000
40 0.06 0.5 1000
40 0.06 0.52 1000
40 0.06 0.54 1000
40 0.06 0.56 1000
40 0.06 0.58 1000
40 0.06 0.6 1000
40 0.06 0.62 1000
40 0.06 0.64 1000
40 0.06 0.66 1000
40 0.06 0.68 1000
40 0.06 0.7 1000
40 0.06 0.72 1000
40 0.06 0.74 1000
40 0.06 0.76 1000
40 0.06 0.78 1000
40 0.06 0.8 1000
40 0.06 0.82 1000
40 0.06 0.84 1000
40 0.06 0.86 1000
40 0.06 0.88 1000
40 0.06 0.9 1000
40 0.06 0.92 1000
40 0.06 0.94 1000
40 0.06 0.96 1000
40 0.06 0.98 1000
40 0.06 1 1000
40 0.08 0 39
40 0.08 0.04 44
40 0.08 0.02 45
40 0.08 0.06 47
40 0.08 0.08 49
40 0.08 0.1 53
40 0.08 0.12 63
40 0.08 0.14 77
40 0.08 0.16 152
40 0.08 0.18 114
40 0.08 0.2 1000
40 0.08 0.22 1000
40 0.08 0.24 1000
40 0.08 0.26 1000
40 0.08 0.28 1000
40 0.08 0.3 1000
40 0.08 0.32 1000
40 0.08 0.34 1000
40 0.08 0.36 1000
40 0.08 0.38 1000
40 0.08 0.4 1000
40 0.08 0.42 1000
40 0.08 0.44 1000
40 0.08 0.46 1000
40 0.08 0.48 1000
40 0.08 0.5 1000
40 0.08 0.52 1000
40 0.08 0.54 1000
40 0.08 0.56 1000
40 0.08 0.58 1000
40 0.08 0.6 1000
40 0.08 0.62 1000
40 0.08 0.64 1000
40 0.08 0.66 1000
40 0.08 0.68 1000
40 0.08 0.7 1000
40 0.08 0.72 1000
40 0.08 0.74 1000
40 0.08 0.76 1000
40 0.08 0.78 1000
40 0.08 0.8 1000
40 0.08 0.82 1000
40 0.08 0.84 1000
40 0.08 0.86 1000
40 0.08 0.88 1000
40 0.08 0.9 1000
40 0.08 0.92 1000
40 0.08 0.94 1000
40 0.08 0.96 1000
40 0.08 0.98 1000
40 0.1 0 34
40 0.08 1 1000
40 0.1 0.02 32
40 0.1 0.04 39
40 0.1 0.06 34
40 0.1 0.08 36
40 0.1 0.1 42
40 0.1 0.12 41
40 0.1 0.14 48
40 0.1 0.16 64
40 0.1 0.18 79
40 0.1 0.2 129
40 0.1 0.22 184
40 0.1 0.24 398
40 0.1 0.26 1000
40 0.1 0.28 1000
40 0.1 0.3 1000
40 0.1 0.32 1000
40 0.1 0.34 1000
40 0.1 0.36 1000
40 0.1 0.38 1000
40 0.1 0.4 1000
40 0.1 0.42 1000
40 0.1 0.44 1000
40 0.1 0.46 1000
40 0.1 0.48 1000
40 0.1 0.5 1000
40 0.1 0.52 1000
40 0.1 0.54 1000
40 0.1 0.56 1000
40 0.1 0.58 1000
40 0.1 0.6 1000
40 0.1 0.62 1000
40 0.1 0.64 1000
40 0.1 0.66 1000
40 0.1 0.68 1000
40 0.1 0.7 1000
40 0.1 0.72 1000
40 0.1 0.74 1000
40 0.1 0.76 1000
40 0.1 0.78 1000
40 0.1 0.8 1000
40 0.1 0.82 1000
40 0.1 0.84 1000
40 0.1 0.86 1000
40 0.1 0.88 1000
40 0.1 0.9 1000
40 0.1 0.92 1000
40 0.1 0.94 1000
40 0.1 0.96 1000
40 0.1 1 1000
40 0.1 0.98 1000
40 0.12 0 25
40 0.12 0.02 27
40 0.12 0.04 26
40 0.12 0.06 26
40 0.12 0.08 29
40 0.12 0.1 30
40 0.12 0.12 28
40 0.12 0.14 32
40 0.12 0.16 38
40 0.12 0.18 35
40 0.12 0.2 49
40 0.12 0.22 81
40 0.12 0.24 71
40 0.12 0.26 60
40 0.12 0.28 425
40 0.12 0.3 1000
40 0.12 0.32 1000
40 0.12 0.34 1000
40 0.12 0.36 1000
40 0.12 0.38 1000
40 0.12 0.4 1000
40 0.12 0.42 1000
40 0.12 0.44 1000
40 0.12 0.46 1000
40 0.12 0.48 1000
40 0.12 0.5 1000
40 0.12 0.52 1000
40 0.12 0.54 1000
40 0.12 0.56 1000
40 0.12 0.58 1000
40 0.12 0.6 1000
40 0.12 0.62 1000
40 0.12 0.64 1000
40 0.12 0.66 1000
40 0.12 0.68 1000
40 0.12 0.7 1000
40 0.12 0.72 1000
40 0.12 0.74 1000
40 0.12 0.76 1000
40 0.12 0.78 1000
40 0.12 0.8 1000
40 0.12 0.82 1000
40 0.12 0.84 1000
40 0.12 0.86 1000
40 0.12 0.88 1000
40 0.12 0.9 1000
40 0.12 0.92 1000
40 0.12 0.94 1000
40 0.12 0.96 1000
40 0.12 0.98 1000
40 0.14 0 22
40 0.12 1 1000
40 0.14 0.02 20
40 0.14 0.04 24
40 0.14 0.06 24
40 0.14 0.08 26
40 0.14 0.1 28
40 0.14 0.12 28
40 0.14 0.14 29
40 0.14 0.16 32
40 0.14 0.18 33
40 0.14 0.2 39
40 0.14 0.22 40
40 0.14 0.24 48
40 0.14 0.26 45
40 0.14 0.28 122
40 0.14 0.3 89
40 0.14 0.32 253
40 0.14 0.34 135
40 0.14 0.36 137
40 0.14 0.38 1000
40 0.14 0.4 1000
40 0.14 0.42 1000
40 0.14 0.44 1000
40 0.14 0.46 1000
40 0.14 0.48 1000
40 0.14 0.5 1000
40 0.14 0.52 1000
40 0.14 0.54 1000
40 0.14 0.56 1000
40 0.14 0.58 1000
40 0.14 0.6 1000
40 0.14 0.62 1000
40 0.14 0.64 1000
40 0.14 0.66 1000
40 0.14 0.68 1000
40 0.14 0.7 1000
40 0.14 0.72 1000
40 0.14 0.74 1000
40 0.14 0.76 1000
40 0.14 0.78 1000
40 0.14 0.8 1000
40 0.14 0.82 1000
40 0.14 0.84 1000
40 0.14 0.86 1000
40 0.14 0.88 1000
40 0.14 0.9 1000
40 0.14 0.92 1000
40 0.14 0.94 1000
40 0.14 0.96 1000
40 0.14 0.98 1000
40 0.14 1 1000
40 0.16 0 21
40 0.16 0.02 21
40 0.16 0.04 19
40 0.16 0.06 21
40 0.16 0.08 22
40 0.16 0.1 21
40 0.16 0.12 22
40 0.16 0.14 23
40 0.16 0.16 23
40 0.16 0.18 29
40 0.16 0.2 29
40 0.16 0.22 30
40 0.16 0.24 36
40 0.16 0.26 37
40 0.16 0.28 46
40 0.16 0.3 49
40 0.16 0.32 74
40 0.16 0.34 210
40 0.16 0.36 184
40 0.16 0.38 798
40 0.16 0.4 1000
40 0.16 0.42 1000
40 0.16 0.44 431
40 0.16 0.46 1000
40 0.16 0.48 1000
40 0.16 0.5 1000
40 0.16 0.52 1000
40 0.16 0.54 1000
40 0.16 0.56 1000
40 0.16 0.58 1000
40 0.16 0.6 1000
40 0.16 0.62 1000
40 0.16 0.64 1000
40 0.16 0.66 1000
40 0.16 0.68 1000
40 0.16 0.7 1000
40 0.16 0.72 1000
40 0.16 0.74 1000
40 0.16 0.76 1000
40 0.16 0.78 1000
40 0.16 0.8 1000
40 0.16 0.82 1000
40 0.16 0.84 1000
40 0.16 0.86 1000
40 0.16 0.88 1000
40 0.16 0.9 1000
40 0.16 0.92 1000
40 0.16 0.94 1000
40 0.16 0.96 1000
40 0.16 0.98 1000
40 0.16 1 1000
40 0.18 0 20
40 0.18 0.02 19
40 0.18 0.04 19
40 0.18 0.06 20
40 0.18 0.08 21
40 0.18 0.1 19
40 0.18 0.12 22
40 0.18 0.14 21
40 0.18 0.16 23
40 0.18 0.18 22
40 0.18 0.2 23
40 0.18 0.22 24
40 0.18 0.24 26
40 0.18 0.26 28
40 0.18 0.28 36
40 0.18 0.3 32
40 0.18 0.32 37
40 0.18 0.34 50
40 0.18 0.36 52
40 0.18 0.38 64
40 0.18 0.4 91
40 0.18 0.42 214
40 0.18 0.46 366
40 0.18 0.44 812
40 0.18 0.48 1000
40 0.18 0.5 1000
40 0.18 0.52 1000
40 0.18 0.54 1000
40 0.18 0.56 1000
40 0.18 0.58 1000
40 0.18 0.6 1000
40 0.18 0.62 1000
40 0.18 0.64 1000
40 0.18 0.66 1000
40 0.18 0.68 1000
40 0.18 0.7 1000
40 0.18 0.72 1000
40 0.18 0.74 1000
40 0.18 0.78 1000
40 0.18 0.76 1000
40 0.18 0.82 1000
40 0.18 0.8 1000
40 0.18 0.84 1000
40 0.18 0.86 1000
40 0.18 0.88 1000
40 0.18 0.9 1000
40 0.18 0.92 1000
40 0.18 0.94 1000
40 0.18 0.96 1000
40 0.18 0.98 1000
40 0.2 0 17
40 0.18 1 1000
40 0.2 0.02 16
40 0.2 0.04 17
40 0.2 0.06 19
40 0.2 0.08 19
40 0.2 0.1 19
40 0.2 0.12 20
40 0.2 0.14 19
40 0.2 0.16 19
40 0.2 0.18 20
40 0.2 0.2 23
40 0.2 0.22 21
40 0.2 0.24 24
40 0.2 0.26 23
40 0.2 0.28 25
40 0.2 0.3 29
40 0.2 0.32 31
40 0.2 0.34 39
40 0.2 0.36 42
40 0.2 0.38 59
40 0.2 0.4 75
40 0.2 0.42 150
40 0.2 0.44 100
40 0.2 0.46 107
40 0.2 0.48 295
40 0.2 0.5 796
40 0.2 0.52 209
40 0.2 0.56 137
40 0.2 0.54 1000
40 0.2 0.58 1000
40 0.2 0.6 1000
40 0.2 0.62 1000
40 0.2 0.64 1000
40 0.2 0.66 1000
40 0.2 0.68 1000
40 0.2 0.7 1000
40 0.2 0.72 1000
40 0.2 0.74 1000
40 0.2 0.76 1000
40 0.2 0.78 1000
40 0.2 0.8 1000
40 0.2 0.82 1000
40 0.2 0.84 1000
40 0.2 0.86 1000
40 0.2 0.88 1000
40 0.2 0.9 1000
40 0.2 0.92 1000
40 0.2 0.94 1000
40 0.2 0.96 1000
40 0.2 0.98 1000
40 0.2 1 1000
40 0.22 0 15
40 0.22 0.02 15
40 0.22 0.04 15
40 0.22 0.06 17
40 0.22 0.08 17
40 0.22 0.1 17
40 0.22 0.12 16
40 0.22 0.14 16
40 0.22 0.16 17
40 0.22 0.18 19
40 0.22 0.2 19
40 0.22 0.22 19
40 0.22 0.24 22
40 0.22 0.26 20
40 0.22 0.28 21
40 0.22 0.3 26
40 0.22 0.32 25
40 0.22 0.34 25
40 0.22 0.36 29
40 0.22 0.38 32
40 0.22 0.4 54
40 0.22 0.42 66
40 0.22 0.44 55
40 0.22 0.46 69
40 0.22 0.48 79
40 0.22 0.52 136
40 0.22 0.5 766
40 0.22 0.54 1000
40 0.22 0.56 1000
40 0.22 0.58 191
40 0.22 0.6 1000
40 0.22 0.62 1000
40 0.22 0.64 1000
40 0.22 0.66 1000
40 0.22 0.68 467
40 0.22 0.7 1000
40 0.22 0.72 1000
40 0.22 0.74 1000
40 0.22 0.76 1000
40 0.22 0.78 1000
40 0.22 0.8 1000
40 0.22 0.82 1000
40 0.22 0.84 1000
40 0.22 0.86 1000
40 0.22 0.88 1000
40 0.22 0.9 1000
40 0.22 0.92 1000
40 0.22 0.94 1000
40 0.22 0.96 1000
40 0.22 0.98 1000
40 0.22 1 1000
40 0.24 0 16
40 0.24 0.02 17
40 0.24 0.04 16
40 0.24 0.06 17
40 0.24 0.08 17
40 0.24 0.1 16
40 0.24 0.12 18
40 0.24 0.14 18
40 0.24 0.16 18
40 0.24 0.18 18
40 0.24 0.2 17
40 0.24 0.22 18
40 0.24 0.24 19
40 0.24 0.26 19
40 0.24 0.28 19
40 0.24 0.3 20
40 0.24 0.32 22
40 0.24 0.34 22
40 0.24 0.36 20
40 0.24 0.38 24
40 0.24 0.4 31
40 0.24 0.42 45
40 0.24 0.44 35
40 0.24 0.46 72
40 0.24 0.48 73
40 0.24 0.52 61
40 0.24 0.5 162
40 0.24 0.54 63
40 0.24 0.56 131
40 0.24 0.58 199
40 0.24 0.6 70
40 0.24 0.64 203
40 0.24 0.62 423
40 0.24 0.66 1000
40 0.24 0.68 1000
40 0.24 0.7 1000
40 0.24 0.72 846
40 0.24 0.74 1000
40 0.24 0.76 1000
40 0.24 0.8 1000
40 0.24 0.78 1000
40 0.24 0.84 1000
40 0.24 0.82 1000
40 0.24 0.88 1000
40 0.24 0.86 1000
40 0.24 0.92 1000
40 0.24 0.9 1000
40 0.24 0.94 1000
40 0.24 0.96 1000
40 0.24 1 1000
40 0.24 0.98 1000
40 0.26 0 16
40 0.26 0.02 16
40 0.26 0.06 16
40 0.26 0.04 17
40 0.26 0.08 17
40 0.26 0.1 16
40 0.26 0.12 16
40 0.26 0.14 17
40 0.26 0.16 18
40 0.26 0.18 18
40 0.26 0.2 18
40 0.26 0.22 17
40 0.26 0.24 17
40 0.26 0.26 20
40 0.26 0.28 18
40 0.26 0.3 19
40 0.26 0.32 19
40 0.26 0.34 21
40 0.26 0.36 20
40 0.26 0.38 19
40 0.26 0.4 23
40 0.26 0.42 26
40 0.26 0.44 34
40 0.26 0.46 45
40 0.26 0.48 36
40 0.26 0.5 42
40 0.26 0.52 60
40 0.26 0.54 58
40 0.26 0.56 54
40 0.26 0.58 43
40 0.26 0.6 220
40 0.26 0.62 222
40 0.26 0.64 568
40 0.26 0.66 511
40 0.26 0.7 623
40 0.26 0.68 1000
40 0.26 0.72 554
40 0.26 0.74 754
40 0.26 0.76 1000
40 0.26 0.78 1000
40 0.26 0.8 1000
40 0.26 0.82 1000
40 0.26 0.84 1000
40 0.26 0.86 1000
40 0.26 0.88 1000
40 0.26 0.9 1000
40 0.26 0.92 1000
40 0.26 0.94 1000
40 0.26 0.96 1000
40 0.26 0.98 1000
40 0.28 0 14
40 0.26 1 1000
40 0.28 0.02 15
40 0.28 0.04 15
40 0.28 0.06 14
40 0.28 0.08 14
40 0.28 0.1 16
40 0.28 0.12 15
40 0.28 0.14 15
40 0.28 0.16 14
40 0.28 0.18 15
40 0.28 0.2 15
40 0.28 0.22 15
40 0.28 0.24 16
40 0.28 0.26 16
40 0.28 0.28 16
40 0.28 0.3 18
40 0.28 0.32 17
40 0.28 0.34 18
40 0.28 0.36 18
40 0.28 0.38 20
40 0.28 0.4 18
40 0.28 0.42 20
40 0.28 0.44 20
40 0.28 0.46 24
40 0.28 0.48 32
40 0.28 0.5 25
40 0.28 0.52 32
40 0.28 0.54 46
40 0.28 0.56 51
40 0.28 0.58 110
40 0.28 0.6 37
40 0.28 0.62 47
40 0.28 0.66 409
40 0.28 0.64 1000
40 0.28 0.68 93
40 0.28 0.7 692
40 0.28 0.72 1000
40 0.28 0.74 1000
40 0.28 0.76 352
40 0.28 0.78 1000
40 0.28 0.8 1000
40 0.28 0.82 1000
40 0.28 0.84 1000
40 0.28 0.86 1000
40 0.28 0.88 1000
40 0.28 0.9 1000
40 0.28 0.92 1000
40 0.28 0.94 1000
40 0.28 0.96 1000
40 0.28 0.98 1000
40 0.28 1 1000
40 0.3 0 14
40 0.3 0.02 13
40 0.3 0.04 14
40 0.3 0.06 14
40 0.3 0.08 15
40 0.3 0.1 15
40 0.3 0.12 15
40 0.3 0.14 15
40 0.3 0.16 15
40 0.3 0.18 16
40 0.3 0.2 15
40 0.3 0.22 14
40 0.3 0.26 15
40 0.3 0.24 14
40 0.3 0.28 15
40 0.3 0.3 16
40 0.3 0.32 16
40 0.3 0.34 16
40 0.3 0.36 16
40 0.3 0.38 18
40 0.3 0.4 18
40 0.3 0.42 18
40 0.3 0.44 18
40 0.3 0.46 22
40 0.3 0.48 29
40 0.3 0.5 21
40 0.3 0.52 31
40 0.3 0.54 39
40 0.3 0.58 48
40 0.3 0.56 72
40 0.3 0.6 94
40 0.3 0.62 88
40 0.3 0.64 164
40 0.3 0.66 177
40 0.3 0.7 288
40 0.3 0.68 373
40 0.3 0.74 119
40 0.3 0.72 900
40 0.3 0.76 202
40 0.3 0.8 260
40 0.3 0.78 563
40 0.3 0.82 102
40 0.3 0.84 992
40 0.3 0.86 1000
40 0.3 0.88 797
40 0.3 0.9 1000
40 0.3 0.92 1000
40 0.3 0.94 365
40 0.3 0.96 538
40 0.3 0.98 1000
40 0.32 0 13
40 0.3 1 1000
40 0.32 0.02 14
40 0.32 0.04 13
40 0.32 0.06 14
40 0.32 0.08 13
40 0.32 0.1 13
40 0.32 0.12 14
40 0.32 0.14 13
40 0.32 0.16 13
40 0.32 0.18 13
40 0.32 0.2 14
40 0.32 0.22 14
40 0.32 0.24 14
40 0.32 0.26 14
40 0.32 0.28 14
40 0.32 0.3 15
40 0.32 0.32 15
40 0.32 0.34 16
40 0.32 0.36 16
40 0.32 0.38 16
40 0.32 0.4 16
40 0.32 0.42 16
40 0.32 0.44 17
40 0.32 0.46 18
40 0.32 0.48 17
40 0.32 0.5 17
40 0.32 0.52 18
40 0.32 0.54 23
40 0.32 0.56 22
40 0.32 0.58 40
40 0.32 0.6 32
40 0.32 0.62 41
40 0.32 0.64 45
40 0.32 0.66 64
40 0.32 0.68 44
40 0.32 0.7 114
40 0.32 0.72 123
40 0.32 0.74 322
40 0.32 0.76 335
40 0.32 0.78 1000
40 0.32 0.8 1000
40 0.32 0.84 60
40 0.32 0.82 624
40 0.32 0.88 133
40 0.32 0.86 460
40 0.32 0.9 1000
40 0.32 0.92 1000
40 0.32 0.94 207
40 0.32 0.98 136
40 0.32 0.96 1000
40 0.34 0 13
40 0.34 0.02 13
40 0.32 1 1000
40 0.34 0.04 13
40 0.34 0.06 13
40 0.34 0.08 14
40 0.34 0.1 14
40 0.34 0.12 14
40 0.34 0.14 13
40 0.34 0.16 13
40 0.34 0.18 13
40 0.34 0.2 13
40 0.34 0.22 13
40 0.34 0.24 14
40 0.34 0.26 15
40 0.34 0.28 16
40 0.34 0.3 16
40 0.34 0.32 15
40 0.34 0.34 15
40 0.34 0.36 16
40 0.34 0.38 15
40 0.34 0.4 16
40 0.34 0.42 16
40 0.34 0.44 17
40 0.34 0.46 18
40 0.34 0.48 18
40 0.34 0.5 20
40 0.34 0.52 20
40 0.34 0.54 25
40 0.34 0.56 25
40 0.34 0.58 24
40 0.34 0.6 32
40 0.34 0.62 31
40 0.34 0.64 35
40 0.34 0.66 48
40 0.34 0.68 50
40 0.34 0.7 31
40 0.34 0.72 64
40 0.34 0.74 154
40 0.34 0.76 49
40 0.34 0.78 198
40 0.34 0.8 129
40 0.34 0.82 279
40 0.34 0.84 116
40 0.34 0.86 774
40 0.34 0.88 512
40 0.34 0.9 607
40 0.34 0.92 686
40 0.34 0.96 367
40 0.34 0.94 1000
40 0.34 0.98 161
40 0.36 0 12
40 0.34 1 930
40 0.36 0.02 12
40 0.36 0.04 14
40 0.36 0.06 14
40 0.36 0.08 14
40 0.36 0.1 14
40 0.36 0.12 14
40 0.36 0.14 13
40 0.36 0.16 13
40 0.36 0.18 14
40 0.36 0.2 14
40 0.36 0.22 13
40 0.36 0.24 13
40 0.36 0.26 12
40 0.36 0.28 13
40 0.36 0.3 13
40 0.36 0.32 13
40 0.36 0.34 13
40 0.36 0.36 13
40 0.36 0.38 15
40 0.36 0.4 13
40 0.36 0.42 15
40 0.36 0.44 15
40 0.36 0.46 15
40 0.36 0.48 15
40 0.36 0.5 15
40 0.36 0.52 15
40 0.36 0.54 16
40 0.36 0.56 16
40 0.36 0.58 21
40 0.36 0.6 30
40 0.36 0.62 24
40 0.36 0.64 35
40 0.36 0.66 30
40 0.36 0.68 47
40 0.36 0.7 57
40 0.36 0.72 75
40 0.36 0.74 54
40 0.36 0.76 78
40 0.36 0.78 184
40 0.36 0.8 126
40 0.36 0.82 120
40 0.36 0.84 89
40 0.36 0.86 90
40 0.36 0.88 103
40 0.36 0.9 72
40 0.36 0.92 247
40 0.36 0.96 105
40 0.36 0.94 1000
40 0.36 0.98 66
40 0.38 0 12
40 0.36 1 475
40 0.38 0.02 12
40 0.38 0.04 12
40 0.38 0.06 12
40 0.38 0.08 12
40 0.38 0.1 12
40 0.38 0.12 12
40 0.38 0.14 13
40 0.38 0.16 13
40 0.38 0.18 13
40 0.38 0.2 13
40 0.38 0.22 13
40 0.38 0.24 13
40 0.38 0.26 14
40 0.38 0.28 13
40 0.38 0.3 13
40 0.38 0.32 13
40 0.38 0.34 13
40 0.38 0.36 13
40 0.38 0.38 13
40 0.38 0.4 14
40 0.38 0.42 14
40 0.38 0.44 15
40 0.38 0.46 15
40 0.38 0.48 15
40 0.38 0.5 16
40 0.38 0.52 15
40 0.38 0.54 17
40 0.38 0.56 16
40 0.38 0.58 18
40 0.38 0.6 19
40 0.38 0.62 30
40 0.38 0.64 22
40 0.38 0.66 24
40 0.38 0.68 26
40 0.38 0.7 35
40 0.38 0.72 42
40 0.38 0.74 34
40 0.38 0.76 43
40 0.38 0.78 33
40 0.38 0.8 53
40 0.38 0.82 45
40 0.38 0.84 42
40 0.38 0.86 180
40 0.38 0.88 125
40 0.38 0.9 49
40 0.38 0.92 104
40 0.38 0.94 86
40 0.38 0.96 72
40 0.38 0.98 112
40 0.4 0 12
40 0.38 1 513
40 0.4 0.02 12
40 0.4 0.04 12
40 0.4 0.06 12
40 0.4 0.08 12
40 0.4 0.1 12
40 0.4 0.12 12
40 0.4 0.14 12
40 0.4 0.16 12
40 0.4 0.18 12
40 0.4 0.2 12
40 0.4 0.22 13
40 0.4 0.24 13
40 0.4 0.26 13
40 0.4 0.28 13
40 0.4 0.3 12
40 0.4 0.32 12
40 0.4 0.34 13
40 0.4 0.36 13
40 0.4 0.38 14
40 0.4 0.4 13
40 0.4 0.42 13
40 0.4 0.44 14
40 0.4 0.46 13
40 0.4 0.48 13
40 0.4 0.5 14
40 0.4 0.52 15
40 0.4 0.54 13
40 0.4 0.56 13
40 0.4 0.58 16
40 0.4 0.6 15
40 0.4 0.62 17
40 0.4 0.64 15
40 0.4 0.66 20
40 0.4 0.68 23
40 0.4 0.7 27
40 0.4 0.72 28
40 0.4 0.74 28
40 0.4 0.76 39
40 0.4 0.78 50
40 0.4 0.8 35
40 0.4 0.82 24
40 0.4 0.84 43
40 0.4 0.86 53
40 0.4 0.88 59
40 0.4 0.9 52
40 0.4 0.92 109
40 0.4 0.94 61
40 0.4 0.96 83
40 0.4 0.98 123
40 0.4 1 123
40 0.42 0 11
40 0.42 0.02 11
40 0.42 0.04 11
40 0.42 0.06 11
40 0.42 0.08 11
40 0.42 0.1 10
40 0.42 0.12 11
40 0.42 0.14 11
40 0.42 0.16 12
40 0.42 0.18 12
40 0.42 0.2 12
40 0.42 0.22 12
40 0.42 0.24 12
40 0.42 0.26 12
40 0.42 0.28 12
40 0.42 0.3 12
40 0.42 0.32 12
40 0.42 0.34 12
40 0.42 0.36 12
40 0.42 0.38 12
40 0.42 0.4 12
40 0.42 0.42 12
40 0.42 0.44 12
40 0.42 0.46 12
40 0.42 0.48 12
40 0.42 0.5 13
40 0.42 0.52 14
40 0.42 0.54 15
40 0.42 0.56 15
40 0.42 0.58 14
40 0.42 0.6 15
40 0.42 0.62 16
40 0.42 0.64 16
40 0.42 0.66 17
40 0.42 0.68 20
40 0.42 0.7 18
40 0.42 0.72 23
40 0.42 0.74 22
40 0.42 0.76 21
40 0.42 0.78 20
40 0.42 0.8 28
40 0.42 0.82 72
40 0.42 0.84 26
40 0.42 0.86 80
40 0.42 0.88 28
40 0.42 0.9 29
40 0.42 0.92 67
40 0.42 0.94 44
40 0.42 0.96 134
40 0.42 0.98 39
40 0.42 1 44
40 0.44 0 11
40 0.44 0.02 11
40 0.44 0.04 11
40 0.44 0.06 12
40 0.44 0.08 11
40 0.44 0.1 11
40 0.44 0.12 11
40 0.44 0.14 12
40 0.44 0.16 11
40 0.44 0.18 11
40 0.44 0.2 11
40 0.44 0.22 11
40 0.44 0.24 11
40 0.44 0.26 12
40 0.44 0.28 12
40 0.44 0.3 11
40 0.44 0.32 12
40 0.44 0.34 11
40 0.44 0.36 11
40 0.44 0.38 12
40 0.44 0.4 11
40 0.44 0.42 12
40 0.44 0.44 11
40 0.44 0.46 12
40 0.44 0.48 12
40 0.44 0.5 13
40 0.44 0.52 13
40 0.44 0.54 12
40 0.44 0.56 13
40 0.44 0.58 13
40 0.44 0.6 15
40 0.44 0.62 13
40 0.44 0.64 13
40 0.44 0.66 14
40 0.44 0.68 15
40 0.44 0.7 19
40 0.44 0.72 20
40 0.44 0.74 20
40 0.44 0.76 20
40 0.44 0.78 20
40 0.44 0.8 26
40 0.44 0.82 30
40 0.44 0.84 23
40 0.44 0.86 27
40 0.44 0.88 26
40 0.44 0.9 39
40 0.44 0.92 72
40 0.44 0.94 46
40 0.44 0.96 48
40 0.44 0.98 66
40 0.44 1 77
40 0.46 0 11
40 0.46 0.02 11
40 0.46 0.04 12
40 0.46 0.06 11
40 0.46 0.08 11
40 0.46 0.1 12
40 0.46 0.12 11
40 0.46 0.14 12
40 0.46 0.16 12
40 0.46 0.18 11
40 0.46 0.2 11
40 0.46 0.22 11
40 0.46 0.24 11
40 0.46 0.26 11
40 0.46 0.28 11
40 0.46 0.3 11
40 0.46 0.32 11
40 0.46 0.34 11
40 0.46 0.36 11
40 0.46 0.38 11
40 0.46 0.4 11
40 0.46 0.42 12
40 0.46 0.44 12
40 0.46 0.46 12
40 0.46 0.48 12
40 0.46 0.5 12
40 0.46 0.52 12
40 0.46 0.54 12
40 0.46 0.56 13
40 0.46 0.58 12
40 0.46 0.6 12
40 0.46 0.62 13
40 0.46 0.66 13
40 0.46 0.64 13
40 0.46 0.68 15
40 0.46 0.7 16
40 0.46 0.72 16
40 0.46 0.74 18
40 0.46 0.76 22
40 0.46 0.78 20
40 0.46 0.8 24
40 0.46 0.82 22
40 0.46 0.84 16
40 0.46 0.86 16
40 0.46 0.88 19
40 0.46 0.9 59
40 0.46 0.92 23
40 0.46 0.94 25
40 0.46 0.96 30
40 0.46 0.98 52
40 0.46 1 60
40 0.48 0 11
40 0.48 0.02 11
40 0.48 0.04 11
40 0.48 0.06 11
40 0.48 0.08 11
40 0.48 0.1 11
40 0.48 0.12 11
40 0.48 0.14 10
40 0.48 0.16 10
40 0.48 0.18 11
40 0.48 0.2 11
40 0.48 0.22 11
40 0.48 0.24 12
40 0.48 0.26 11
40 0.48 0.28 11
40 0.48 0.3 10
40 0.48 0.32 10
40 0.48 0.34 10
40 0.48 0.36 11
40 0.48 0.38 11
40 0.48 0.4 11
40 0.48 0.42 11
40 0.48 0.44 11
40 0.48 0.46 11
40 0.48 0.48 11
40 0.48 0.5 11
40 0.48 0.52 11
40 0.48 0.54 12
40 0.48 0.56 11
40 0.48 0.58 12
40 0.48 0.6 12
40 0.48 0.62 12
40 0.48 0.64 12
40 0.48 0.66 14
40 0.48 0.68 14
40 0.48 0.7 15
40 0.48 0.72 13
40 0.48 0.74 15
40 0.48 0.76 16
40 0.48 0.78 16
40 0.48 0.8 15
40 0.48 0.82 13
40 0.48 0.84 21
40 0.48 0.86 17
40 0.48 0.88 17
40 0.48 0.9 16
40 0.48 0.92 26
40 0.48 0.94 17
40 0.48 0.96 20
40 0.48 0.98 21
40 0.48 1 24
40 0.5 0 10
40 0.5 0.02 10
40 0.5 0.04 10
40 0.5 0.06 10
40 0.5 0.08 10
40 0.5 0.1 10
40 0.5 0.12 10
40 0.5 0.14 10
40 0.5 0.16 11
40 0.5 0.18 10
40 0.5 0.2 11
40 0.5 0.22 11
40 0.5 0.24 11
40 0.5 0.26 11
40 0.5 0.28 11
40 0.5 0.3 11
40 0.5 0.32 11
40 0.5 0.34 10
40 0.5 0.36 10
40 0.5 0.38 10
40 0.5 0.4 11
40 0.5 0.42 11
40 0.5 0.44 11
40 0.5 0.46 11
40 0.5 0.48 11
40 0.5 0.5 11
40 0.5 0.52 11
40 0.5 0.56 11
40 0.5 0.54 11
40 0.5 0.6 11
40 0.5 0.58 12
40 0.5 0.62 12
40 0.5 0.64 12
40 0.5 0.66 14
40 0.5 0.68 13
40 0.5 0.7 16
40 0.5 0.72 16
40 0.5 0.74 14
40 0.5 0.76 17
40 0.5 0.78 20
40 0.5 0.8 14
40 0.5 0.82 17
40 0.5 0.84 15
40 0.5 0.86 17
40 0.5 0.88 19
40 0.5 0.9 24
40 0.5 0.92 25
40 0.5 0.94 31
40 0.5 0.96 28
40 0.5 0.98 24
40 0.5 1 22
40 0.52 0.02 10
40 0.52 0 10
40 0.52 0.04 10
40 0.52 0.06 10
40 0.52 0.08 10
40 0.52 0.1 11
40 0.52 0.12 10
40 0.52 0.14 10
40 0.52 0.16 10
40 0.52 0.18 10
40 0.52 0.2 10
40 0.52 0.22 11
40 0.52 0.24 10
40 0.52 0.26 10
40 0.52 0.28 10
40 0.52 0.3 10
40 0.52 0.32 11
40 0.52 0.34 11
40 0.52 0.36 11
40 0.52 0.38 11
40 0.52 0.4 11
40 0.52 0.42 11
40 0.52 0.44 11
40 0.52 0.46 11
40 0.52 0.48 10
40 0.52 0.5 11
40 0.52 0.52 10
40 0.52 0.54 11
40 0.52 0.56 11
40 0.52 0.58 10
40 0.52 0.6 11
40 0.52 0.62 11
40 0.52 0.64 11
40 0.52 0.66 11
40 0.52 0.68 12
40 0.52 0.7 12
40 0.52 0.72 11
40 0.52 0.74 11
40 0.52 0.76 12
40 0.52 0.78 19
40 0.52 0.8 16
40 0.52 0.82 21
40 0.52 0.84 17
40 0.52 0.86 18
40 0.52 0.88 18
40 0.52 0.9 20
40 0.52 0.92 29
40 0.52 0.94 24
40 0.52 0.96 33
40 0.52 0.98 29
40 0.52 1 26
40 0.54 0 10
40 0.54 0.02 10
40 0.54 0.04 10
40 0.54 0.06 10
40 0.54 0.08 10
40 0.54 0.1 10
40 0.54 0.12 10
40 0.54 0.14 10
40 0.54 0.16 10
40 0.54 0.18 10
40 0.54 0.2 10
40 0.54 0.22 10
40 0.54 0.24 10
40 0.54 0.26 10
40 0.54 0.28 10
40 0.54 0.3 10
40 0.54 0.32 10
40 0.54 0.34 10
40 0.54 0.36 10
40 0.54 0.38 10
40 0.54 0.4 10
40 0.54 0.42 11
40 0.54 0.44 10
40 0.54 0.46 10
40 0.54 0.48 10
40 0.54 0.5 11
40 0.54 0.52 11
40 0.54 0.54 11
40 0.54 0.56 11
40 0.54 0.58 12
40 0.54 0.6 11
40 0.54 0.62 11
40 0.54 0.64 11
40 0.54 0.68 12
40 0.54 0.66 12
40 0.54 0.72 12
40 0.54 0.7 11
40 0.54 0.74 12
40 0.54 0.76 11
40 0.54 0.78 12
40 0.54 0.8 11
40 0.54 0.84 12
40 0.54 0.82 12
40 0.54 0.88 16
40 0.54 0.86 16
40 0.54 0.92 17
40 0.54 0.9 17
40 0.54 0.94 19
40 0.54 0.96 16
40 0.54 0.98 19
40 0.54 1 22
40 0.56 0 10
40 0.56 0.02 10
40 0.56 0.04 10
40 0.56 0.06 10
40 0.56 0.08 10
40 0.56 0.1 10
40 0.56 0.12 10
40 0.56 0.14 10
40 0.56 0.16 10
40 0.56 0.18 10
40 0.56 0.2 10
40 0.56 0.22 10
40 0.56 0.24 10
40 0.56 0.26 10
40 0.56 0.28 10
40 0.56 0.3 10
40 0.56 0.32 10
40 0.56 0.34 10
40 0.56 0.36 10
40 0.56 0.38 10
40 0.56 0.4 10
40 0.56 0.42 10
40 0.56 0.44 10
40 0.56 0.46 10
40 0.56 0.48 10
40 0.56 0.5 10
40 0.56 0.52 10
40 0.56 0.54 10
40 0.56 0.56 11
40 0.56 0.58 11
40 0.56 0.6 11
40 0.56 0.62 11
40 0.56 0.64 11
40 0.56 0.66 11
40 0.56 0.68 12
40 0.56 0.7 12
40 0.56 0.72 12
40 0.56 0.74 10
40 0.56 0.76 10
40 0.56 0.78 11
40 0.56 0.8 11
40 0.56 0.82 12
40 0.56 0.84 12
40 0.56 0.86 13
40 0.56 0.88 13
40 0.56 0.9 14
40 0.56 0.92 16
40 0.56 0.94 13
40 0.56 0.96 13
40 0.56 0.98 14
40 0.56 1 15
40 0.58 0 10
40 0.58 0.02 10
40 0.58 0.04 10
40 0.58 0.06 10
40 0.58 0.08 10
40 0.58 0.1 10
40 0.58 0.12 10
40 0.58 0.14 10
40 0.58 0.16 10
40 0.58 0.18 10
40 0.58 0.2 10
40 0.58 0.22 10
40 0.58 0.24 10
40 0.58 0.26 10
40 0.58 0.28 10
40 0.58 0.3 10
40 0.58 0.32 10
40 0.58 0.34 10
40 0.58 0.36 10
40 0.58 0.38 10
40 0.58 0.4 10
40 0.58 0.42 10
40 0.58 0.44 10
40 0.58 0.46 10
40 0.58 0.48 10
40 0.58 0.5 10
40 0.58 0.52 10
40 0.58 0.54 10
40 0.58 0.56 10
40 0.58 0.58 10
40 0.58 0.6 10
40 0.58 0.62 10
40 0.58 0.64 10
40 0.58 0.66 10
40 0.58 0.68 10
40 0.58 0.7 10
40 0.58 0.72 10
40 0.58 0.74 10
40 0.58 0.76 11
40 0.58 0.78 12
40 0.58 0.8 13
40 0.58 0.82 12
40 0.58 0.84 12
40 0.58 0.86 13
40 0.58 0.88 13
40 0.58 0.9 13
40 0.58 0.92 17
40 0.58 0.94 13
40 0.58 0.96 14
40 0.58 0.98 13
40 0.58 1 15
40 0.6 0 10
40 0.6 0.02 10
40 0.6 0.04 10
40 0.6 0.06 10
40 0.6 0.08 10
40 0.6 0.1 10
40 0.6 0.14 10
40 0.6 0.12 10
40 0.6 0.16 9
40 0.6 0.18 10
40 0.6 0.2 10
40 0.6 0.22 10
40 0.6 0.24 10
40 0.6 0.26 9
40 0.6 0.28 9
40 0.6 0.3 10
40 0.6 0.32 10
40 0.6 0.34 10
40 0.6 0.36 10
40 0.6 0.38 10
40 0.6 0.4 10
40 0.6 0.42 10
40 0.6 0.44 10
40 0.6 0.46 10
40 0.6 0.48 10
40 0.6 0.5 10
40 0.6 0.54 10
40 0.6 0.52 10
40 0.6 0.58 10
40 0.6 0.56 10
40 0.6 0.62 10
40 0.6 0.6 10
40 0.6 0.64 10
40 0.6 0.66 10
40 0.6 0.68 10
40 0.6 0.7 10
40 0.6 0.74 10
40 0.6 0.72 10
40 0.6 0.76 10
40 0.6 0.78 11
40 0.6 0.8 10
40 0.6 0.82 10
40 0.6 0.84 11
40 0.6 0.86 11
40 0.6 0.88 11
40 0.6 0.9 12
40 0.6 0.92 14
40 0.6 0.94 16
40 0.6 0.96 18
40 0.6 0.98 24
40 0.6 1 18
40 0.62 0 10
40 0.62 0.02 10
40 0.62 0.04 9
40 0.62 0.06 10
40 0.62 0.08 10
40 0.62 0.1 10
40 0.62 0.12 10
40 0.62 0.14 9
40 0.62 0.16 10
40 0.62 0.18 10
40 0.62 0.2 10
40 0.62 0.22 10
40 0.62 0.24 10
40 0.62 0.26 10
40 0.62 0.28 10
40 0.62 0.3 10
40 0.62 0.32 10
40 0.62 0.34 9
40 0.62 0.36 9
40 0.62 0.38 10
40 0.62 0.4 10
40 0.62 0.42 10
40 0.62 0.44 10
40 0.62 0.46 10
40 0.62 0.48 9
40 0.62 0.5 10
40 0.62 0.52 10
40 0.62 0.54 10
40 0.62 0.56 10
40 0.62 0.58 10
40 0.62 0.6 10
40 0.62 0.62 10
40 0.62 0.64 10
40 0.62 0.66 10
40 0.62 0.68 10
40 0.62 0.7 10
40 0.62 0.72 10
40 0.62 0.74 11
40 0.62 0.76 10
40 0.62 0.78 10
40 0.62 0.8 11
40 0.62 0.82 11
40 0.62 0.84 11
40 0.62 0.86 11
40 0.62 0.88 11
40 0.62 0.9 11
40 0.62 0.92 11
40 0.62 0.94 12
40 0.62 0.96 13
40 0.62 0.98 11
40 0.62 1 12
40 0.64 0 10
40 0.64 0.02 10
40 0.64 0.04 10
40 0.64 0.06 10
40 0.64 0.08 10
40 0.64 0.1 10
40 0.64 0.12 10
40 0.64 0.14 10
40 0.64 0.16 10
40 0.64 0.18 10
40 0.64 0.2 10
40 0.64 0.22 10
40 0.64 0.24 10
40 0.64 0.26 10
40 0.64 0.28 10
40 0.64 0.3 10
40 0.64 0.32 10
40 0.64 0.34 10
40 0.64 0.36 10
40 0.64 0.38 10
40 0.64 0.4 10
40 0.64 0.42 10
40 0.64 0.44 10
40 0.64 0.46 9
40 0.64 0.48 9
40 0.64 0.5 9
40 0.64 0.52 10
40 0.64 0.54 9
40 0.64 0.56 9
40 0.64 0.58 10
40 0.64 0.6 10
40 0.64 0.62 10
40 0.64 0.64 10
40 0.64 0.66 11
40 0.64 0.68 10
40 0.64 0.7 11
40 0.64 0.72 10
40 0.64 0.74 11
40 0.64 0.76 11
40 0.64 0.78 11
40 0.64 0.8 10
40 0.64 0.82 11
40 0.64 0.84 10
40 0.64 0.86 10
40 0.64 0.88 11
40 0.64 0.9 11
40 0.64 0.92 11
40 0.64 0.94 11
40 0.64 0.96 11
40 0.64 0.98 12
40 0.64 1 12
40 0.66 0 9
40 0.66 0.02 9
40 0.66 0.04 9
40 0.66 0.06 9
40 0.66 0.08 9
40 0.66 0.1 9
40 0.66 0.12 9
40 0.66 0.14 9
40 0.66 0.16 9
40 0.66 0.18 9
40 0.66 0.2 9
40 0.66 0.22 9
40 0.66 0.24 9
40 0.66 0.26 9
40 0.66 0.28 9
40 0.66 0.3 10
40 0.66 0.32 10
40 0.66 0.34 10
40 0.66 0.36 10
40 0.66 0.38 9
40 0.66 0.4 9
40 0.66 0.42 9
40 0.66 0.44 10
40 0.66 0.46 10
40 0.66 0.48 9
40 0.66 0.5 10
40 0.66 0.52 9
40 0.66 0.54 10
40 0.66 0.56 10
40 0.66 0.58 9
40 0.66 0.6 10
40 0.66 0.62 10
40 0.66 0.64 10
40 0.66 0.66 10
40 0.66 0.68 10
40 0.66 0.7 10
40 0.66 0.72 10
40 0.66 0.74 10
40 0.66 0.76 10
40 0.66 0.78 10
40 0.66 0.8 10
40 0.66 0.82 10
40 0.66 0.84 10
40 0.66 0.86 11
40 0.66 0.88 11
40 0.66 0.9 11
40 0.66 0.92 11
40 0.66 0.94 11
40 0.66 0.96 11
40 0.66 0.98 11
40 0.66 1 12
40 0.68 0 9
40 0.68 0.02 9
40 0.68 0.04 9
40 0.68 0.06 9
40 0.68 0.08 9
40 0.68 0.1 9
40 0.68 0.12 9
40 0.68 0.14 9
40 0.68 0.16 9
40 0.68 0.18 9
40 0.68 0.2 9
40 0.68 0.22 9
40 0.68 0.24 9
40 0.68 0.26 9
40 0.68 0.28 9
40 0.68 0.3 9
40 0.68 0.32 9
40 0.68 0.34 9
40 0.68 0.36 9
40 0.68 0.38 9
40 0.68 0.4 9
40 0.68 0.42 9
40 0.68 0.44 9
40 0.68 0.46 9
40 0.68 0.48 9
40 0.68 0.5 9
40 0.68 0.52 9
40 0.68 0.54 9
40 0.68 0.56 9
40 0.68 0.58 9
40 0.68 0.6 10
40 0.68 0.62 9
40 0.68 0.64 10
40 0.68 0.66 10
40 0.68 0.68 10
40 0.68 0.7 10
40 0.68 0.72 10
40 0.68 0.74 10
40 0.68 0.76 10
40 0.68 0.78 10
40 0.68 0.8 10
40 0.68 0.82 10
40 0.68 0.84 10
40 0.68 0.86 11
40 0.68 0.88 11
40 0.68 0.9 12
40 0.68 0.92 12
40 0.68 0.94 13
40 0.68 0.96 13
40 0.68 0.98 13
40 0.68 1 14
40 0.7 0 9
40 0.7 0.02 9
40 0.7 0.04 9
40 0.7 0.06 9
40 0.7 0.08 9
40 0.7 0.1 9
40 0.7 0.12 9
40 0.7 0.14 9
40 0.7 0.16 9
40 0.7 0.18 9
40 0.7 0.2 9
40 0.7 0.22 9
40 0.7 0.24 9
40 0.7 0.26 9
40 0.7 0.28 9
40 0.7 0.3 9
40 0.7 0.32 9
40 0.7 0.34 9
40 0.7 0.36 9
40 0.7 0.38 9
40 0.7 0.4 9
40 0.7 0.42 9
40 0.7 0.44 9
40 0.7 0.46 9
40 0.7 0.48 9
40 0.7 0.5 10
40 0.7 0.52 9
40 0.7 0.54 9
40 0.7 0.56 9
40 0.7 0.58 9
40 0.7 0.6 9
40 0.7 0.62 9
40 0.7 0.64 9
40 0.7 0.66 10
40 0.7 0.68 10
40 0.7 0.7 10
40 0.7 0.72 10
40 0.7 0.74 10
40 0.7 0.76 10
40 0.7 0.78 10
40 0.7 0.8 10
40 0.7 0.82 10
40 0.7 0.84 10
40 0.7 0.86 10
40 0.7 0.88 10
40 0.7 0.9 10
40 0.7 0.92 10
40 0.7 0.94 11
40 0.7 0.96 11
40 0.7 0.98 11
40 0.7 1 13
40 0.72 0 9
40 0.72 0.02 9
40 0.72 0.04 9
40 0.72 0.06 9
40 0.72 0.08 9
40 0.72 0.1 9
40 0.72 0.12 9
40 0.72 0.14 9
40 0.72 0.16 9
40 0.72 0.18 9
40 0.72 0.2 9
40 0.72 0.22 9
40 0.72 0.24 9
40 0.72 0.26 9
40 0.72 0.28 9
40 0.72 0.3 9
40 0.72 0.32 9
40 0.72 0.34 9
40 0.72 0.36 9
40 0.72 0.38 9
40 0.72 0.4 9
40 0.72 0.42 9
40 0.72 0.44 9
40 0.72 0.46 9
40 0.72 0.48 9
40 0.72 0.5 9
40 0.72 0.52 9
40 0.72 0.54 9
40 0.72 0.56 9
40 0.72 0.58 9
40 0.72 0.6 9
40 0.72 0.62 9
40 0.72 0.64 9
40 0.72 0.66 9
40 0.72 0.68 10
40 0.72 0.7 10
40 0.72 0.72 10
40 0.72 0.74 9
40 0.72 0.76 10
40 0.72 0.78 10
40 0.72 0.8 10
40 0.72 0.82 10
40 0.72 0.84 10
40 0.72 0.86 10
40 0.72 0.88 11
40 0.72 0.9 11
40 0.72 0.92 11
40 0.72 0.94 11
40 0.72 0.96 13
40 0.72 0.98 11
40 0.72 1 11
40 0.74 0 9
40 0.74 0.02 9
40 0.74 0.04 9
40 0.74 0.06 9
40 0.74 0.08 9
40 0.74 0.1 9
40 0.74 0.12 9
40 0.74 0.14 9
40 0.74 0.16 9
40 0.74 0.18 9
40 0.74 0.2 9
40 0.74 0.22 9
40 0.74 0.24 9
40 0.74 0.26 9
40 0.74 0.28 9
40 0.74 0.3 9
40 0.74 0.32 9
40 0.74 0.34 9
40 0.74 0.36 9
40 0.74 0.38 9
40 0.74 0.4 9
40 0.74 0.44 9
40 0.74 0.42 9
40 0.74 0.46 9
40 0.74 0.48 9
40 0.74 0.52 9
40 0.74 0.5 9
40 0.74 0.54 9
40 0.74 0.56 9
40 0.74 0.6 9
40 0.74 0.58 9
40 0.74 0.62 9
40 0.74 0.64 9
40 0.74 0.66 9
40 0.74 0.68 9
40 0.74 0.7 9
40 0.74 0.72 9
40 0.74 0.74 10
40 0.74 0.76 10
40 0.74 0.78 9
40 0.74 0.8 9
40 0.74 0.84 9
40 0.74 0.82 10
40 0.74 0.86 10
40 0.74 0.88 10
40 0.74 0.9 10
40 0.74 0.92 10
40 0.74 0.94 10
40 0.74 0.96 10
40 0.74 0.98 10
40 0.74 1 11
40 0.76 0 9
40 0.76 0.02 9
40 0.76 0.04 9
40 0.76 0.06 9
40 0.76 0.08 9
40 0.76 0.1 9
40 0.76 0.12 9
40 0.76 0.14 9
40 0.76 0.16 9
40 0.76 0.18 9
40 0.76 0.2 9
40 0.76 0.22 9
40 0.76 0.24 9
40 0.76 0.26 9
40 0.76 0.28 9
40 0.76 0.3 9
40 0.76 0.32 9
40 0.76 0.34 9
40 0.76 0.36 9
40 0.76 0.38 9
40 0.76 0.4 9
40 0.76 0.42 9
40 0.76 0.44 9
40 0.76 0.46 9
40 0.76 0.48 9
40 0.76 0.5 9
40 0.76 0.52 9
40 0.76 0.54 9
40 0.76 0.56 9
40 0.76 0.58 9
40 0.76 0.6 9
40 0.76 0.62 9
40 0.76 0.64 9
40 0.76 0.66 9
40 0.76 0.68 9
40 0.76 0.7 9
40 0.76 0.72 9
40 0.76 0.74 9
40 0.76 0.76 9
40 0.76 0.78 9
40 0.76 0.8 9
40 0.76 0.82 9
40 0.76 0.84 9
40 0.76 0.86 10
40 0.76 0.88 10
40 0.76 0.9 10
40 0.76 0.92 10
40 0.76 0.94 10
40 0.76 0.98 10
40 0.76 0.96 10
40 0.76 1 10
40 0.78 0 9
40 0.78 0.02 9
40 0.78 0.04 9
40 0.78 0.06 9
40 0.78 0.08 9
40 0.78 0.1 9
40 0.78 0.12 9
40 0.78 0.14 9
40 0.78 0.16 9
40 0.78 0.2 9
40 0.78 0.18 9
40 0.78 0.22 9
40 0.78 0.24 9
40 0.78 0.26 9
40 0.78 0.28 9
40 0.78 0.3 9
40 0.78 0.32 9
40 0.78 0.34 9
40 0.78 0.36 9
40 0.78 0.38 9
40 0.78 0.4 9
40 0.78 0.42 9
40 0.78 0.44 9
40 0.78 0.46 9
40 0.78 0.48 9
40 0.78 0.52 9
40 0.78 0.5 9
40 0.78 0.54 9
40 0.78 0.56 9
40 0.78 0.6 9
40 0.78 0.58 9
40 0.78 0.62 9
40 0.78 0.64 9
40 0.78 0.66 9
40 0.78 0.68 9
40 0.78 0.7 9
40 0.78 0.72 9
40 0.78 0.74 9
40 0.78 0.76 9
40 0.78 0.78 9
40 0.78 0.8 9
40 0.78 0.82 9
40 0.78 0.84 9
40 0.78 0.86 9
40 0.78 0.88 10
40 0.78 0.9 10
40 0.78 0.92 10
40 0.78 0.94 11
40 0.78 0.96 11
40 0.78 0.98 11
40 0.78 1 11
40 0.8 0 9
40 0.8 0.02 9
40 0.8 0.04 9
40 0.8 0.06 9
40 0.8 0.08 9
40 0.8 0.1 9
40 0.8 0.12 9
40 0.8 0.14 9
40 0.8 0.16 9
40 0.8 0.18 9
40 0.8 0.2 9
40 0.8 0.22 9
40 0.8 0.24 9
40 0.8 0.26 9
40 0.8 0.28 9
40 0.8 0.3 9
40 0.8 0.32 9
40 0.8 0.34 9
40 0.8 0.36 9
40 0.8 0.38 9
40 0.8 0.4 9
40 0.8 0.42 9
40 0.8 0.44 9
40 0.8 0.46 9
40 0.8 0.48 9
40 0.8 0.5 9
40 0.8 0.52 9
40 0.8 0.54 9
40 0.8 0.56 9
40 0.8 0.58 9
40 0.8 0.6 9
40 0.8 0.62 9
40 0.8 0.64 9
40 0.8 0.66 9
40 0.8 0.68 9
40 0.8 0.7 9
40 0.8 0.72 9
40 0.8 0.74 9
40 0.8 0.76 9
40 0.8 0.78 9
40 0.8 0.8 9
40 0.8 0.82 10
40 0.8 0.84 10
40 0.8 0.86 9
40 0.8 0.88 9
40 0.8 0.9 10
40 0.8 0.92 10
40 0.8 0.94 10
40 0.8 0.96 10
40 0.8 0.98 11
40 0.82 0 9
40 0.8 1 11
40 0.82 0.02 9
40 0.82 0.04 9
40 0.82 0.06 9
40 0.82 0.08 9
40 0.82 0.1 9
40 0.82 0.12 9
40 0.82 0.14 9
40 0.82 0.16 9
40 0.82 0.18 9
40 0.82 0.2 9
40 0.82 0.22 9
40 0.82 0.24 9
40 0.82 0.26 9
40 0.82 0.28 9
40 0.82 0.3 9
40 0.82 0.32 9
40 0.82 0.34 9
40 0.82 0.36 9
40 0.82 0.38 9
40 0.82 0.4 9
40 0.82 0.44 9
40 0.82 0.42 9
40 0.82 0.48 9
40 0.82 0.46 9
40 0.82 0.52 9
40 0.82 0.5 9
40 0.82 0.54 9
40 0.82 0.56 9
40 0.82 0.58 9
40 0.82 0.6 9
40 0.82 0.62 9
40 0.82 0.64 9
40 0.82 0.66 9
40 0.82 0.68 9
40 0.82 0.7 9
40 0.82 0.72 9
40 0.82 0.74 9
40 0.82 0.76 9
40 0.82 0.78 9
40 0.82 0.8 9
40 0.82 0.82 9
40 0.82 0.84 9
40 0.82 0.86 9
40 0.82 0.88 9
40 0.82 0.9 9
40 0.82 0.92 10
40 0.82 0.94 10
40 0.82 0.96 10
40 0.82 0.98 10
40 0.82 1 10
40 0.84 0 9
40 0.84 0.02 9
40 0.84 0.04 9
40 0.84 0.06 9
40 0.84 0.08 9
40 0.84 0.1 9
40 0.84 0.12 9
40 0.84 0.14 9
40 0.84 0.16 9
40 0.84 0.18 9
40 0.84 0.2 9
40 0.84 0.22 9
40 0.84 0.24 9
40 0.84 0.26 9
40 0.84 0.28 9
40 0.84 0.3 9
40 0.84 0.32 9
40 0.84 0.34 9
40 0.84 0.36 9
40 0.84 0.38 9
40 0.84 0.4 9
40 0.84 0.42 9
40 0.84 0.44 9
40 0.84 0.46 9
40 0.84 0.48 9
40 0.84 0.5 9
40 0.84 0.52 9
40 0.84 0.54 9
40 0.84 0.56 9
40 0.84 0.58 9
40 0.84 0.6 9
40 0.84 0.62 9
40 0.84 0.64 9
40 0.84 0.66 9
40 0.84 0.68 9
40 0.84 0.7 9
40 0.84 0.72 9
40 0.84 0.74 9
40 0.84 0.76 9
40 0.84 0.78 9
40 0.84 0.8 9
40 0.84 0.82 9
40 0.84 0.84 9
40 0.84 0.86 9
40 0.84 0.88 9
40 0.84 0.9 10
40 0.84 0.92 10
40 0.84 0.94 10
40 0.84 0.96 10
40 0.84 0.98 10
40 0.84 1 11
40 0.86 0 9
40 0.86 0.02 9
40 0.86 0.04 9
40 0.86 0.06 9
40 0.86 0.08 9
40 0.86 0.1 9
40 0.86 0.12 9
40 0.86 0.14 9
40 0.86 0.16 9
40 0.86 0.18 9
40 0.86 0.2 9
40 0.86 0.22 9
40 0.86 0.24 9
40 0.86 0.26 9
40 0.86 0.28 9
40 0.86 0.3 9
40 0.86 0.32 9
40 0.86 0.34 9
40 0.86 0.36 9
40 0.86 0.38 9
40 0.86 0.4 9
40 0.86 0.42 9
40 0.86 0.44 9
40 0.86 0.46 9
40 0.86 0.48 9
40 0.86 0.5 9
40 0.86 0.52 9
40 0.86 0.54 9
40 0.86 0.56 9
40 0.86 0.58 9
40 0.86 0.6 9
40 0.86 0.62 9
40 0.86 0.64 9
40 0.86 0.66 9
40 0.86 0.68 9
40 0.86 0.7 9
40 0.86 0.72 9
40 0.86 0.74 9
40 0.86 0.76 9
40 0.86 0.78 9
40 0.86 0.8 9
40 0.86 0.82 9
40 0.86 0.84 10
40 0.86 0.86 10
40 0.86 0.88 10
40 0.86 0.9 9
40 0.86 0.92 9
40 0.86 0.94 9
40 0.86 0.96 10
40 0.86 0.98 10
40 0.86 1 10
40 0.88 0 9
40 0.88 0.02 9
40 0.88 0.04 9
40 0.88 0.06 9
40 0.88 0.08 9
40 0.88 0.1 9
40 0.88 0.12 9
40 0.88 0.14 9
40 0.88 0.16 9
40 0.88 0.18 9
40 0.88 0.2 9
40 0.88 0.22 9
40 0.88 0.24 9
40 0.88 0.26 9
40 0.88 0.28 9
40 0.88 0.3 9
40 0.88 0.32 9
40 0.88 0.34 9
40 0.88 0.36 9
40 0.88 0.38 9
40 0.88 0.4 9
40 0.88 0.42 9
40 0.88 0.44 9
40 0.88 0.46 9
40 0.88 0.48 9
40 0.88 0.5 9
40 0.88 0.52 9
40 0.88 0.54 9
40 0.88 0.56 9
40 0.88 0.58 9
40 0.88 0.6 9
40 0.88 0.62 9
40 0.88 0.64 9
40 0.88 0.66 9
40 0.88 0.68 9
40 0.88 0.7 9
40 0.88 0.72 9
40 0.88 0.74 9
40 0.88 0.76 9
40 0.88 0.78 9
40 0.88 0.8 9
40 0.88 0.82 9
40 0.88 0.84 9
40 0.88 0.86 9
40 0.88 0.88 9
40 0.88 0.9 9
40 0.88 0.92 9
40 0.88 0.94 9
40 0.88 0.96 10
40 0.88 0.98 10
40 0.88 1 10
40 0.9 0 9
40 0.9 0.02 9
40 0.9 0.04 9
40 0.9 0.06 9
40 0.9 0.08 9
40 0.9 0.1 9
40 0.9 0.12 9
40 0.9 0.16 9
40 0.9 0.14 9
40 0.9 0.18 9
40 0.9 0.2 9
40 0.9 0.22 9
40 0.9 0.24 9
40 0.9 0.26 9
40 0.9 0.28 9
40 0.9 0.3 9
40 0.9 0.32 9
40 0.9 0.34 9
40 0.9 0.36 9
40 0.9 0.38 9
40 0.9 0.4 9
40 0.9 0.42 9
40 0.9 0.44 9
40 0.9 0.46 9
40 0.9 0.48 9
40 0.9 0.5 9
40 0.9 0.52 9
40 0.9 0.54 9
40 0.9 0.56 9
40 0.9 0.58 9
40 0.9 0.6 9
40 0.9 0.62 9
40 0.9 0.64 9
40 0.9 0.66 9
40 0.9 0.68 9
40 0.9 0.7 9
40 0.9 0.72 9
40 0.9 0.74 9
40 0.9 0.76 9
40 0.9 0.78 9
40 0.9 0.8 9
40 0.9 0.82 9
40 0.9 0.84 9
40 0.9 0.86 9
40 0.9 0.88 9
40 0.9 0.9 9
40 0.9 0.92 9
40 0.9 0.94 9
40 0.9 0.96 10
40 0.9 0.98 10
40 0.9 1 10
40 0.92 0 9
40 0.92 0.02 9
40 0.92 0.04 9
40 0.92 0.06 9
40 0.92 0.08 9
40 0.92 0.1 9
40 0.92 0.12 9
40 0.92 0.14 9
40 0.92 0.18 9
40 0.92 0.16 9
40 0.92 0.2 9
40 0.92 0.22 9
40 0.92 0.24 9
40 0.92 0.26 9
40 0.92 0.28 9
40 0.92 0.3 9
40 0.92 0.32 9
40 0.92 0.34 9
40 0.92 0.36 9
40 0.92 0.38 9
40 0.92 0.4 9
40 0.92 0.42 9
40 0.92 0.44 9
40 0.92 0.46 9
40 0.92 0.48 9
40 0.92 0.5 9
40 0.92 0.52 9
40 0.92 0.54 9
40 0.92 0.56 9
40 0.92 0.58 9
40 0.92 0.6 9
40 0.92 0.62 9
40 0.92 0.64 9
40 0.92 0.66 9
40 0.92 0.68 9
40 0.92 0.7 9
40 0.92 0.72 9
40 0.92 0.74 9
40 0.92 0.76 9
40 0.92 0.78 9
40 0.92 0.8 9
40 0.92 0.82 9
40 0.92 0.84 9
40 0.92 0.86 9
40 0.92 0.88 9
40 0.92 0.9 9
40 0.92 0.92 9
40 0.92 0.94 9
40 0.92 0.96 9
40 0.92 0.98 9
40 0.92 1 10
40 0.94 0 9
40 0.94 0.02 9
40 0.94 0.04 9
40 0.94 0.06 9
40 0.94 0.08 9
40 0.94 0.1 9
40 0.94 0.12 9
40 0.94 0.14 9
40 0.94 0.16 9
40 0.94 0.18 9
40 0.94 0.2 9
40 0.94 0.22 9
40 0.94 0.24 9
40 0.94 0.26 9
40 0.94 0.28 9
40 0.94 0.3 9
40 0.94 0.32 9
40 0.94 0.34 9
40 0.94 0.36 9
40 0.94 0.38 9
40 0.94 0.4 9
40 0.94 0.42 9
40 0.94 0.44 9
40 0.94 0.46 9
40 0.94 0.48 9
40 0.94 0.5 9
40 0.94 0.52 9
40 0.94 0.54 9
40 0.94 0.56 9
40 0.94 0.58 9
40 0.94 0.6 9
40 0.94 0.62 9
40 0.94 0.64 9
40 0.94 0.66 9
40 0.94 0.68 9
40 0.94 0.7 9
40 0.94 0.72 9
40 0.94 0.74 9
40 0.94 0.76 9
40 0.94 0.78 9
40 0.94 0.8 9
40 0.94 0.82 9
40 0.94 0.84 9
40 0.94 0.86 9
40 0.94 0.88 9
40 0.94 0.9 9
40 0.94 0.92 9
40 0.94 0.94 10
40 0.94 0.96 10
40 0.94 0.98 10
40 0.94 1 11
40 0.96 0 9
40 0.96 0.02 9
40 0.96 0.04 9
40 0.96 0.06 9
40 0.96 0.08 9
40 0.96 0.1 9
40 0.96 0.12 9
40 0.96 0.14 9
40 0.96 0.16 9
40 0.96 0.18 9
40 0.96 0.2 9
40 0.96 0.22 9
40 0.96 0.24 9
40 0.96 0.26 9
40 0.96 0.28 9
40 0.96 0.3 9
40 0.96 0.32 9
40 0.96 0.34 9
40 0.96 0.36 9
40 0.96 0.38 9
40 0.96 0.4 9
40 0.96 0.42 9
40 0.96 0.44 9
40 0.96 0.46 9
40 0.96 0.48 9
40 0.96 0.5 9
40 0.96 0.52 9
40 0.96 0.54 9
40 0.96 0.56 9
40 0.96 0.58 9
40 0.96 0.6 9
40 0.96 0.62 9
40 0.96 0.64 9
40 0.96 0.66 9
40 0.96 0.68 9
40 0.96 0.7 9
40 0.96 0.72 9
40 0.96 0.74 9
40 0.96 0.76 9
40 0.96 0.78 9
40 0.96 0.8 9
40 0.96 0.82 9
40 0.96 0.84 9
40 0.96 0.86 9
40 0.96 0.88 9
40 0.96 0.9 9
40 0.96 0.92 9
40 0.96 0.94 9
40 0.96 0.96 9
40 0.96 0.98 9
40 0.96 1 9
40 0.98 0 9
40 0.98 0.02 9
40 0.98 0.04 9
40 0.98 0.06 9
40 0.98 0.08 9
40 0.98 0.1 9
40 0.98 0.12 9
40 0.98 0.14 9
40 0.98 0.16 9
40 0.98 0.18 9
40 0.98 0.2 9
40 0.98 0.22 9
40 0.98 0.24 9
40 0.98 0.26 9
40 0.98 0.28 9
40 0.98 0.3 9
40 0.98 0.32 9
40 0.98 0.34 9
40 0.98 0.36 9
40 0.98 0.38 9
40 0.98 0.4 9
40 0.98 0.42 9
40 0.98 0.44 9
40 0.98 0.46 9
40 0.98 0.48 9
40 0.98 0.5 9
40 0.98 0.52 9
40 0.98 0.54 9
40 0.98 0.56 9
40 0.98 0.58 9
40 0.98 0.6 9
40 0.98 0.62 9
40 0.98 0.64 9
40 0.98 0.66 9
40 0.98 0.68 9
40 0.98 0.7 9
40 0.98 0.72 9
40 0.98 0.74 9
40 0.98 0.76 9
40 0.98 0.78 9
40 0.98 0.8 9
40 0.98 0.82 9
40 0.98 0.84 9
40 0.98 0.86 9
40 0.98 0.88 9
40 0.98 0.9 9
40 0.98 0.92 9
40 0.98 0.94 9
40 0.98 0.96 10
40 0.98 0.98 10
40 0.98 1 11
40 1 0 9
40 1 0.02 9
40 1 0.04 9
40 1 0.06 9
40 1 0.08 9
40 1 0.1 9
40 1 0.12 9
40 1 0.14 9
40 1 0.16 9
40 1 0.18 9
40 1 0.2 9
40 1 0.22 9
40 1 0.24 9
40 1 0.26 9
40 1 0.28 9
40 1 0.3 9
40 1 0.32 9
40 1 0.34 9
40 1 0.36 9
40 1 0.38 9
40 1 0.4 9
40 1 0.42 9
40 1 0.44 9
40 1 0.46 9
40 1 0.48 9
40 1 0.5 9
40 1 0.52 9
40 1 0.54 9
40 1 0.56 9
40 1 0.58 9
40 1 0.6 9
40 1 0.62 9
40 1 0.64 9
40 1 0.66 9
40 1 0.68 9
40 1 0.7 9
40 1 0.72 9
40 1 0.74 9
40 1 0.76 9
40 1 0.78 9
40 1 0.8 9
40 1 0.82 9
40 1 0.84 9
40 1 0.86 9
40 1 0.88 9
40 1 0.9 9
40 1 0.92 9
40 1 0.94 9
40 1 0.96 10
40 1 0.98 11
40 1 1 11
