Paso temporal: 0
0 0 0 0 0 0 0 0 0 
0 0 0 0 0 0 0 0 0 
0 0 0 0 0 0 0 0 0 
0 0 0 0 0 0 0 0 0 
0 0 0 0 2 0 0 0 0 
0 0 0 0 0 0 0 0 0 
0 0 0 0 0 0 0 0 0 
0 0 0 0 0 0 0 0 0 
0 0 0 0 0 0 0 0 0 
--------------------------
Paso temporal: 1
0 0 0 0 0 0 0 0 0 
0 0 0 0 0 0 0 0 0 
0 0 0 0 0 0 0 0 0 
0 0 0 0 1 0 0 0 0 
0 0 0 1 2 1 0 0 0 
0 0 0 0 1 0 0 0 0 
0 0 0 0 0 0 0 0 0 
0 0 0 0 0 0 0 0 0 
0 0 0 0 0 0 0 0 0 
--------------------------
Paso temporal: 2
0 0 0 0 0 0 0 0 0 
0 0 0 0 0 0 0 0 0 
0 0 0 0 0 0 0 0 0 
0 0 0 0 1 0 0 0 0 
0 0 0 1 2 2 0 0 0 
0 0 0 0 1 0 0 0 0 
0 0 0 0 0 0 0 0 0 
0 0 0 0 0 0 0 0 0 
0 0 0 0 0 0 0 0 0 
--------------------------
Paso temporal: 3
0 0 0 0 0 0 0 0 0 
0 0 0 0 0 0 0 0 0 
0 0 0 0 0 0 0 0 0 
0 0 0 0 1 1 0 0 0 
0 0 0 1 2 0 1 0 0 
0 0 0 0 1 1 0 0 0 
0 0 0 0 0 0 0 0 0 
0 0 0 0 0 0 0 0 0 
0 0 0 0 0 0 0 0 0 
--------------------------
Paso temporal: 4
0 0 0 0 0 0 0 0 0 
0 0 0 0 0 0 0 0 0 
0 0 0 0 0 0 0 0 0 
0 0 0 0 1 2 0 0 0 
0 0 0 1 2 1 2 0 0 
0 0 0 0 1 2 0 0 0 
0 0 0 0 0 0 0 0 0 
0 0 0 0 0 0 0 0 0 
0 0 0 0 0 0 0 0 0 
--------------------------
Paso temporal: 5
0 0 0 0 0 0 0 0 0 
0 0 0 0 0 0 0 0 0 
0 0 0 0 0 1 0 0 0 
0 0 0 0 1 0 1 0 0 
0 0 0 1 2 2 0 1 0 
0 0 0 0 1 0 1 0 0 
0 0 0 0 0 1 0 0 0 
0 0 0 0 0 0 0 0 0 
0 0 0 0 0 0 0 0 0 
--------------------------
Paso temporal: 6
0 0 0 0 0 0 0 0 0 
0 0 0 0 0 0 0 0 0 
0 0 0 0 0 1 0 0 0 
0 0 0 0 1 1 2 0 0 
0 0 0 1 2 0 1 2 0 
0 0 0 0 1 1 1 0 0 
0 0 0 0 0 2 0 0 0 
0 0 0 0 0 0 0 0 0 
0 0 0 0 0 0 0 0 0 
--------------------------
Paso temporal: 7
0 0 0 0 0 0 0 0 0 
0 0 0 0 0 0 0 0 0 
0 0 0 0 0 1 1 0 0 
0 0 0 0 1 2 0 1 0 
0 0 0 1 2 1 2 0 1 
0 0 0 0 1 2 1 1 0 
0 0 0 0 1 0 1 0 0 
0 0 0 0 0 1 0 0 0 
0 0 0 0 0 0 0 0 0 
--------------------------
Paso temporal: 8
0 0 0 0 0 0 0 0 0 
0 0 0 0 0 0 0 0 0 
0 0 0 0 0 1 1 0 0 
0 0 0 0 1 0 1 2 0 
0 0 0 1 2 2 0 1 2 
0 0 0 0 1 0 1 1 0 
0 0 0 0 2 1 1 0 0 
0 0 0 0 0 2 0 0 0 
0 0 0 0 0 0 0 0 0 
--------------------------
Paso temporal: 9
0 0 0 0 0 0 0 0 0 
0 0 0 0 0 0 0 0 0 
0 0 0 0 0 1 1 1 0 
0 0 0 0 1 1 2 0 1 
1 0 0 1 2 0 1 2 0 
0 0 0 0 1 1 1 1 1 
0 0 0 1 0 2 1 0 0 
0 0 0 0 1 0 1 0 0 
0 0 0 0 0 1 0 0 0 
--------------------------
Paso temporal: 10
0 0 0 0 0 0 0 0 0 
0 0 0 0 0 0 0 0 0 
0 0 0 0 0 1 1 1 0 
0 0 0 0 1 2 0 1 2 
1 0 0 1 2 1 2 0 1 
0 0 0 0 1 2 1 1 2 
0 0 0 1 1 0 1 0 0 
0 0 0 0 1 1 1 0 0 
0 0 0 0 0 1 0 0 0 
--------------------------
Paso temporal: 11
0 0 0 0 0 0 0 0 0 
0 0 0 0 0 0 0 0 0 
0 0 0 0 0 1 1 1 1 
1 0 0 0 1 0 1 2 0 
1 0 0 1 2 2 0 1 2 
1 0 0 0 1 0 1 1 0 
0 0 0 1 2 1 1 0 1 
0 0 0 0 1 2 1 0 0 
0 0 0 0 0 1 0 0 0 
--------------------------
Paso temporal: 12
0 0 0 0 0 0 0 0 0 
0 0 0 0 0 0 0 0 0 
0 0 0 0 0 1 1 1 1 
2 0 0 0 1 1 2 0 1 
1 0 0 1 2 0 1 2 0 
2 0 0 0 1 1 1 1 1 
0 0 0 1 0 2 1 0 2 
0 0 0 0 1 0 1 0 0 
0 0 0 0 0 1 0 0 0 
--------------------------
Paso temporal: 13
0 0 0 0 0 0 0 0 0 
0 0 0 0 0 0 0 0 0 
1 0 0 0 0 1 1 1 1 
0 1 0 0 1 2 0 1 2 
1 0 0 1 2 1 2 0 1 
0 1 0 0 1 2 1 1 2 
1 0 0 1 1 0 1 1 0 
0 0 0 0 1 1 1 0 1 
0 0 0 0 0 1 0 0 0 
--------------------------
Paso temporal: 14
0 0 0 0 0 0 0 0 0 
0 0 0 0 0 0 0 0 0 
1 0 0 0 0 1 1 1 1 
1 2 0 0 1 0 1 2 0 
1 0 0 1 2 2 0 1 2 
1 2 0 0 1 0 1 1 0 
1 0 0 1 2 1 1 1 1 
0 0 0 0 1 2 1 0 2 
0 0 0 0 0 1 0 0 0 
--------------------------
Paso temporal: 15
0 0 0 0 0 0 0 0 0 
0 0 0 0 0 0 0 0 0 
1 1 0 0 0 1 1 1 1 
2 0 1 0 1 1 2 0 1 
1 1 0 1 2 0 1 2 0 
2 0 1 0 1 1 1 1 1 
1 1 0 1 0 2 1 1 2 
1 0 0 0 1 0 1 1 0 
0 0 0 0 0 1 0 0 1 
--------------------------
Paso temporal: 16
0 0 0 0 0 0 0 0 0 
0 0 0 0 0 0 0 0 0 
1 1 0 0 0 1 1 1 1 
0 1 1 0 1 2 0 1 2 
1 2 0 1 2 1 2 0 1 
0 1 1 0 1 2 1 1 2 
1 1 0 1 1 0 1 1 0 
1 0 0 0 1 1 1 1 1 
0 0 0 0 0 1 0 0 1 
--------------------------
Paso temporal: 17
0 0 0 0 0 0 0 0 0 
0 0 0 0 0 0 0 0 0 
1 1 0 0 0 1 1 1 1 
1 2 1 0 1 0 1 2 0 
1 0 1 1 2 2 0 1 2 
1 2 1 0 1 0 1 1 0 
1 1 0 1 2 1 1 1 1 
1 0 0 0 1 2 1 1 2 
0 0 0 0 0 1 0 0 1 
--------------------------
Paso temporal: 18
0 0 0 0 0 0 0 0 0 
0 0 0 0 0 0 0 0 0 
1 1 0 0 0 1 1 1 1 
2 0 1 0 1 1 2 0 1 
1 1 2 1 2 0 1 2 0 
2 0 1 0 1 1 1 1 1 
1 1 0 1 0 2 1 1 2 
1 0 0 0 1 0 1 1 0 
0 0 0 0 0 1 0 0 1 
--------------------------
Paso temporal: 19
0 0 0 0 0 0 0 0 0 
0 0 0 0 0 0 0 0 0 
1 1 0 0 0 1 1 1 1 
0 1 1 0 1 2 0 1 2 
1 2 0 1 2 1 2 0 1 
0 1 1 0 1 2 1 1 2 
1 1 0 1 1 0 1 1 0 
1 0 0 0 1 1 1 1 1 
0 0 0 0 0 1 0 0 1 
--------------------------
Paso temporal: 20
0 0 0 0 0 0 0 0 0 
0 0 0 0 0 0 0 0 0 
1 1 0 0 0 1 1 1 1 
1 2 1 0 1 0 1 2 0 
1 0 1 1 2 2 0 1 2 
1 2 1 0 1 0 1 1 0 
1 1 0 1 2 1 1 1 1 
1 0 0 0 1 2 1 1 2 
0 0 0 0 0 1 0 0 1 
--------------------------
Paso temporal: 21
0 0 0 0 0 0 0 0 0 
0 0 0 0 0 0 0 0 0 
1 1 0 0 0 1 1 1 1 
2 0 1 0 1 1 2 0 1 
1 1 2 1 2 0 1 2 0 
2 0 1 0 1 1 1 1 1 
1 1 0 1 0 2 1 1 2 
1 0 0 0 1 0 1 1 0 
0 0 0 0 0 1 0 0 1 
--------------------------
Paso temporal: 22
0 0 0 0 0 0 0 0 0 
0 0 0 0 0 0 0 0 0 
1 1 0 0 0 1 1 1 1 
0 1 1 0 1 2 0 1 2 
1 2 0 1 2 1 2 0 1 
0 1 1 0 1 2 1 1 2 
1 1 0 1 1 0 1 1 0 
1 0 0 0 1 1 1 1 1 
0 0 0 0 0 1 0 0 1 
--------------------------
Paso temporal: 23
0 0 0 0 0 0 0 0 0 
0 0 0 0 0 0 0 0 0 
1 1 0 0 0 1 1 1 1 
1 2 1 0 1 0 1 2 0 
1 0 1 1 2 2 0 1 2 
1 2 1 0 1 0 1 1 0 
1 1 0 1 2 1 1 1 1 
1 0 0 0 1 2 1 1 2 
0 0 0 0 0 1 0 0 1 
--------------------------
Paso temporal: 24
0 0 0 0 0 0 0 0 0 
0 0 0 0 0 0 0 0 0 
1 1 0 0 0 1 1 1 1 
2 0 1 0 1 1 2 0 1 
1 1 2 1 2 0 1 2 0 
2 0 1 0 1 1 1 1 1 
1 1 0 1 0 2 1 1 2 
1 0 0 0 1 0 1 1 0 
0 0 0 0 0 1 0 0 1 
--------------------------
Paso temporal: 25
0 0 0 0 0 0 0 0 0 
0 0 0 0 0 0 0 0 0 
1 1 0 0 0 1 1 1 1 
0 1 1 0 1 2 0 1 2 
1 2 0 1 2 1 2 0 1 
0 1 1 0 1 2 1 1 2 
1 1 0 1 1 0 1 1 0 
1 0 0 0 1 1 1 1 1 
0 0 0 0 0 1 0 0 1 
--------------------------
Paso temporal: 26
0 0 0 0 0 0 0 0 0 
0 0 0 0 0 0 0 0 0 
1 1 0 0 0 1 1 1 1 
1 2 1 0 1 0 1 2 0 
1 0 1 1 2 2 0 1 2 
1 2 1 0 1 0 1 1 0 
1 1 0 1 2 1 1 1 1 
1 0 0 0 1 2 1 1 2 
0 0 0 0 0 1 0 0 1 
--------------------------
Paso temporal: 27
0 0 0 0 0 0 0 0 0 
0 0 0 0 0 0 0 0 0 
1 1 0 0 0 1 1 1 1 
2 0 1 0 1 1 2 0 1 
1 1 2 1 2 0 1 2 0 
2 0 1 0 1 1 1 1 1 
1 1 0 1 0 2 1 1 2 
1 0 0 0 1 0 1 1 0 
0 0 0 0 0 1 0 0 1 
--------------------------
Paso temporal: 28
0 0 0 0 0 0 0 0 0 
0 0 0 0 0 0 0 0 0 
1 1 0 0 0 1 1 1 1 
0 1 1 0 1 2 0 1 2 
1 2 0 1 2 1 2 0 1 
0 1 1 0 1 2 1 1 2 
1 1 0 1 1 0 1 1 0 
1 0 0 0 1 1 1 1 1 
0 0 0 0 0 1 0 0 1 
--------------------------
Paso temporal: 29
0 0 0 0 0 0 0 0 0 
0 0 0 0 0 0 0 0 0 
1 1 0 0 0 1 1 1 1 
1 2 1 0 1 0 1 2 0 
1 0 1 1 2 2 0 1 2 
1 2 1 0 1 0 1 1 0 
1 1 0 1 2 1 1 1 1 
1 0 0 0 1 2 1 1 2 
0 0 0 0 0 1 0 0 1 
--------------------------
Paso temporal: 30
0 0 0 0 0 0 0 0 0 
0 0 0 0 0 0 0 0 0 
1 1 0 0 0 1 1 1 1 
2 0 1 0 1 1 2 0 1 
1 1 2 1 2 0 1 2 0 
2 0 1 0 1 1 1 1 1 
1 1 0 1 0 2 1 1 2 
1 0 0 0 1 0 1 1 0 
0 0 0 0 0 1 0 0 1 
--------------------------
Paso temporal: 31
0 0 0 0 0 0 0 0 0 
0 0 0 0 0 0 0 0 0 
1 1 0 0 0 1 1 1 1 
0 1 1 0 1 2 0 1 2 
1 2 0 1 2 1 2 0 1 
0 1 1 0 1 2 1 1 2 
1 1 0 1 1 0 1 1 0 
1 0 0 0 1 1 1 1 1 
0 0 0 0 0 1 0 0 1 
--------------------------
Paso temporal: 32
0 0 0 0 0 0 0 0 0 
0 0 0 0 0 0 0 0 0 
1 1 0 0 0 1 1 1 1 
1 2 1 0 1 0 1 2 0 
1 0 1 1 2 2 0 1 2 
1 2 1 0 1 0 1 1 0 
1 1 0 1 2 1 1 1 1 
1 0 0 0 1 2 1 1 2 
0 0 0 0 0 1 0 0 1 
--------------------------
Paso temporal: 33
0 0 0 0 0 0 0 0 0 
0 0 0 0 0 0 0 0 0 
1 1 0 0 0 1 1 1 1 
2 0 1 0 1 1 2 0 1 
1 1 2 1 2 0 1 2 0 
2 0 1 0 1 1 1 1 1 
1 1 0 1 0 2 1 1 2 
1 0 0 0 1 0 1 1 0 
0 0 0 0 0 1 0 0 1 
--------------------------
Paso temporal: 34
0 0 0 0 0 0 0 0 0 
0 0 0 0 0 0 0 0 0 
1 1 0 0 0 1 1 1 1 
0 1 1 0 1 2 0 1 2 
1 2 0 1 2 1 2 0 1 
0 1 1 0 1 2 1 1 2 
1 1 0 1 1 0 1 1 0 
1 0 0 0 1 1 1 1 1 
0 0 0 0 0 1 0 0 1 
--------------------------
Paso temporal: 35
0 0 0 0 0 0 0 0 0 
0 0 0 0 0 0 0 0 0 
1 1 0 0 0 1 1 1 1 
1 2 1 0 1 0 1 2 0 
1 0 1 1 2 2 0 1 2 
1 2 1 0 1 0 1 1 0 
1 1 0 1 2 1 1 1 1 
1 0 0 0 1 2 1 1 2 
0 0 0 0 0 1 0 0 1 
--------------------------
Paso temporal: 36
0 0 0 0 0 0 0 0 0 
0 0 0 0 0 0 0 0 0 
1 1 0 0 0 1 1 1 1 
2 0 1 0 1 1 2 0 1 
1 1 2 1 2 0 1 2 0 
2 0 1 0 1 1 1 1 1 
1 1 0 1 0 2 1 1 2 
1 0 0 0 1 0 1 1 0 
0 0 0 0 0 1 0 0 1 
--------------------------
Paso temporal: 37
0 0 0 0 0 0 0 0 0 
0 0 0 0 0 0 0 0 0 
1 1 0 0 0 1 1 1 1 
0 1 1 0 1 2 0 1 2 
1 2 0 1 2 1 2 0 1 
0 1 1 0 1 2 1 1 2 
1 1 0 1 1 0 1 1 0 
1 0 0 0 1 1 1 1 1 
0 0 0 0 0 1 0 0 1 
--------------------------
Paso temporal: 38
0 0 0 0 0 0 0 0 0 
0 0 0 0 0 0 0 0 0 
1 1 0 0 0 1 1 1 1 
1 2 1 0 1 0 1 2 0 
1 0 1 1 2 2 0 1 2 
1 2 1 0 1 0 1 1 0 
1 1 0 1 2 1 1 1 1 
1 0 0 0 1 2 1 1 2 
0 0 0 0 0 1 0 0 1 
--------------------------
Paso temporal: 39
0 0 0 0 0 0 0 0 0 
0 0 0 0 0 0 0 0 0 
1 1 0 0 0 1 1 1 1 
2 0 1 0 1 1 2 0 1 
1 1 2 1 2 0 1 2 0 
2 0 1 0 1 1 1 1 1 
1 1 0 1 0 2 1 1 2 
1 0 0 0 1 0 1 1 0 
0 0 0 0 0 1 0 0 1 
--------------------------
Paso temporal: 40
0 0 0 0 0 0 0 0 0 
0 0 0 0 0 0 0 0 0 
1 1 0 0 0 1 1 1 1 
0 1 1 0 1 2 0 1 2 
1 2 0 1 2 1 2 0 1 
0 1 1 0 1 2 1 1 2 
1 1 0 1 1 0 1 1 0 
1 0 0 0 1 1 1 1 1 
0 0 0 0 0 1 0 0 1 
--------------------------
Paso temporal: 41
0 0 0 0 0 0 0 0 0 
0 0 0 0 0 0 0 0 0 
1 1 0 0 0 1 1 1 1 
1 2 1 0 1 0 1 2 0 
1 0 1 1 2 2 0 1 2 
1 2 1 0 1 0 1 1 0 
1 1 0 1 2 1 1 1 1 
1 0 0 0 1 2 1 1 2 
0 0 0 0 0 1 0 0 1 
--------------------------
Paso temporal: 42
0 0 0 0 0 0 0 0 0 
0 0 0 0 0 0 0 0 0 
1 1 0 0 0 1 1 1 1 
2 0 1 0 1 1 2 0 1 
1 1 2 1 2 0 1 2 0 
2 0 1 0 1 1 1 1 1 
1 1 0 1 0 2 1 1 2 
1 0 0 0 1 0 1 1 0 
0 0 0 0 0 1 0 0 1 
--------------------------
Paso temporal: 43
0 0 0 0 0 0 0 0 0 
0 0 0 0 0 0 0 0 0 
1 1 0 0 0 1 1 1 1 
0 1 1 0 1 2 0 1 2 
1 2 0 1 2 1 2 0 1 
0 1 1 0 1 2 1 1 2 
1 1 0 1 1 0 1 1 0 
1 0 0 0 1 1 1 1 1 
0 0 0 0 0 1 0 0 1 
--------------------------
Paso temporal: 44
0 0 0 0 0 0 0 0 0 
0 0 0 0 0 0 0 0 0 
1 1 0 0 0 1 1 1 1 
1 2 1 0 1 0 1 2 0 
1 0 1 1 2 2 0 1 2 
1 2 1 0 1 0 1 1 0 
1 1 0 1 2 1 1 1 1 
1 0 0 0 1 2 1 1 2 
0 0 0 0 0 1 0 0 1 
--------------------------
Paso temporal: 45
0 0 0 0 0 0 0 0 0 
0 0 0 0 0 0 0 0 0 
1 1 0 0 0 1 1 1 1 
2 0 1 0 1 1 2 0 1 
1 1 2 1 2 0 1 2 0 
2 0 1 0 1 1 1 1 1 
1 1 0 1 0 2 1 1 2 
1 0 0 0 1 0 1 1 0 
0 0 0 0 0 1 0 0 1 
--------------------------
Paso temporal: 46
0 0 0 0 0 0 0 0 0 
0 0 0 0 0 0 0 0 0 
1 1 0 0 0 1 1 1 1 
0 1 1 0 1 2 0 1 2 
1 2 0 1 2 1 2 0 1 
0 1 1 0 1 2 1 1 2 
1 1 0 1 1 0 1 1 0 
1 0 0 0 1 1 1 1 1 
0 0 0 0 0 1 0 0 1 
--------------------------
Paso temporal: 47
0 0 0 0 0 0 0 0 0 
0 0 0 0 0 0 0 0 0 
1 1 0 0 0 1 1 1 1 
1 2 1 0 1 0 1 2 0 
1 0 1 1 2 2 0 1 2 
1 2 1 0 1 0 1 1 0 
1 1 0 1 2 1 1 1 1 
1 0 0 0 1 2 1 1 2 
0 0 0 0 0 1 0 0 1 
--------------------------
Paso temporal: 48
0 0 0 0 0 0 0 0 0 
0 0 0 0 0 0 0 0 0 
1 1 0 0 0 1 1 1 1 
2 0 1 0 1 1 2 0 1 
1 1 2 1 2 0 1 2 0 
2 0 1 0 1 1 1 1 1 
1 1 0 1 0 2 1 1 2 
1 0 0 0 1 0 1 1 0 
0 0 0 0 0 1 0 0 1 
--------------------------
Paso temporal: 49
0 0 0 0 0 0 0 0 0 
0 0 0 0 0 0 0 0 0 
1 1 0 0 0 1 1 1 1 
0 1 1 0 1 2 0 1 2 
1 2 0 1 2 1 2 0 1 
0 1 1 0 1 2 1 1 2 
1 1 0 1 1 0 1 1 0 
1 0 0 0 1 1 1 1 1 
0 0 0 0 0 1 0 0 1 
--------------------------
Paso temporal: 50
0 0 0 0 0 0 0 0 0 
0 0 0 0 0 0 0 0 0 
1 1 0 0 0 1 1 1 1 
1 2 1 0 1 0 1 2 0 
1 0 1 1 2 2 0 1 2 
1 2 1 0 1 0 1 1 0 
1 1 0 1 2 1 1 1 1 
1 0 0 0 1 2 1 1 2 
0 0 0 0 0 1 0 0 1 
--------------------------
Paso temporal: 51
0 0 0 0 0 0 0 0 0 
0 0 0 0 0 0 0 0 0 
1 1 0 0 0 1 1 1 1 
2 0 1 0 1 1 2 0 1 
1 1 2 1 2 0 1 2 0 
2 0 1 0 1 1 1 1 1 
1 1 0 1 0 2 1 1 2 
1 0 0 0 1 0 1 1 0 
0 0 0 0 0 1 0 0 1 
--------------------------
Paso temporal: 52
0 0 0 0 0 0 0 0 0 
0 0 0 0 0 0 0 0 0 
1 1 0 0 0 1 1 1 1 
0 1 1 0 1 2 0 1 2 
1 2 0 1 2 1 2 0 1 
0 1 1 0 1 2 1 1 2 
1 1 0 1 1 0 1 1 0 
1 0 0 0 1 1 1 1 1 
0 0 0 0 0 1 0 0 1 
--------------------------
Paso temporal: 53
0 0 0 0 0 0 0 0 0 
0 0 0 0 0 0 0 0 0 
1 1 0 0 0 1 1 1 1 
1 2 1 0 1 0 1 2 0 
1 0 1 1 2 2 0 1 2 
1 2 1 0 1 0 1 1 0 
1 1 0 1 2 1 1 1 1 
1 0 0 0 1 2 1 1 2 
0 0 0 0 0 1 0 0 1 
--------------------------
Paso temporal: 54
0 0 0 0 0 0 0 0 0 
0 0 0 0 0 0 0 0 0 
1 1 0 0 0 1 1 1 1 
2 0 1 0 1 1 2 0 1 
1 1 2 1 2 0 1 2 0 
2 0 1 0 1 1 1 1 1 
1 1 0 1 0 2 1 1 2 
1 0 0 0 1 0 1 1 0 
0 0 0 0 0 1 0 0 1 
--------------------------
Paso temporal: 55
0 0 0 0 0 0 0 0 0 
0 0 0 0 0 0 0 0 0 
1 1 0 0 0 1 1 1 1 
0 1 1 0 1 2 0 1 2 
1 2 0 1 2 1 2 0 1 
0 1 1 0 1 2 1 1 2 
1 1 0 1 1 0 1 1 0 
1 0 0 0 1 1 1 1 1 
0 0 0 0 0 1 0 0 1 
--------------------------
Paso temporal: 56
0 0 0 0 0 0 0 0 0 
0 0 0 0 0 0 0 0 0 
1 1 0 0 0 1 1 1 1 
1 2 1 0 1 0 1 2 0 
1 0 1 1 2 2 0 1 2 
1 2 1 0 1 0 1 1 0 
1 1 0 1 2 1 1 1 1 
1 0 0 0 1 2 1 1 2 
0 0 0 0 0 1 0 0 1 
--------------------------
Paso temporal: 57
0 0 0 0 0 0 0 0 0 
0 0 0 0 0 0 0 0 0 
1 1 0 0 0 1 1 1 1 
2 0 1 0 1 1 2 0 1 
1 1 2 1 2 0 1 2 0 
2 0 1 0 1 1 1 1 1 
1 1 0 1 0 2 1 1 2 
1 0 0 0 1 0 1 1 0 
0 0 0 0 0 1 0 0 1 
--------------------------
Paso temporal: 58
0 0 0 0 0 0 0 0 0 
0 0 0 0 0 0 0 0 0 
1 1 0 0 0 1 1 1 1 
0 1 1 0 1 2 0 1 2 
1 2 0 1 2 1 2 0 1 
0 1 1 0 1 2 1 1 2 
1 1 0 1 1 0 1 1 0 
1 0 0 0 1 1 1 1 1 
0 0 0 0 0 1 0 0 1 
--------------------------
Paso temporal: 59
0 0 0 0 0 0 0 0 0 
0 0 0 0 0 0 0 0 0 
1 1 0 0 0 1 1 1 1 
1 2 1 0 1 0 1 2 0 
1 0 1 1 2 2 0 1 2 
1 2 1 0 1 0 1 1 0 
1 1 0 1 2 1 1 1 1 
1 0 0 0 1 2 1 1 2 
0 0 0 0 0 1 0 0 1 
--------------------------
Paso temporal: 60
0 0 0 0 0 0 0 0 0 
0 0 0 0 0 0 0 0 0 
1 1 0 0 0 1 1 1 1 
2 0 1 0 1 1 2 0 1 
1 1 2 1 2 0 1 2 0 
2 0 1 0 1 1 1 1 1 
1 1 0 1 0 2 1 1 2 
1 0 0 0 1 0 1 1 0 
0 0 0 0 0 1 0 0 1 
--------------------------
Paso temporal: 61
0 0 0 0 0 0 0 0 0 
0 0 0 0 0 0 0 0 0 
1 1 0 0 0 1 1 1 1 
0 1 1 0 1 2 0 1 2 
1 2 0 1 2 1 2 0 1 
0 1 1 0 1 2 1 1 2 
1 1 0 1 1 0 1 1 0 
1 0 0 0 1 1 1 1 1 
0 0 0 0 0 1 0 0 1 
--------------------------
Paso temporal: 62
0 0 0 0 0 0 0 0 0 
0 0 0 0 0 0 0 0 0 
1 1 0 0 0 1 1 1 1 
1 2 1 0 1 0 1 2 0 
1 0 1 1 2 2 0 1 2 
1 2 1 0 1 0 1 1 0 
1 1 0 1 2 1 1 1 1 
1 0 0 0 1 2 1 1 2 
0 0 0 0 0 1 0 0 1 
--------------------------
Paso temporal: 63
0 0 0 0 0 0 0 0 0 
0 0 0 0 0 0 0 0 0 
1 1 0 0 0 1 1 1 1 
2 0 1 0 1 1 2 0 1 
1 1 2 1 2 0 1 2 0 
2 0 1 0 1 1 1 1 1 
1 1 0 1 0 2 1 1 2 
1 0 0 0 1 0 1 1 0 
0 0 0 0 0 1 0 0 1 
--------------------------
Paso temporal: 64
0 0 0 0 0 0 0 0 0 
0 0 0 0 0 0 0 0 0 
1 1 0 0 0 1 1 1 1 
0 1 1 0 1 2 0 1 2 
1 2 0 1 2 1 2 0 1 
0 1 1 0 1 2 1 1 2 
1 1 0 1 1 0 1 1 0 
1 0 0 0 1 1 1 1 1 
0 0 0 0 0 1 0 0 1 
--------------------------
Paso temporal: 65
0 0 0 0 0 0 0 0 0 
0 0 0 0 0 0 0 0 0 
1 1 0 0 0 1 1 1 1 
1 2 1 0 1 0 1 2 0 
1 0 1 1 2 2 0 1 2 
1 2 1 0 1 0 1 1 0 
1 1 0 1 2 1 1 1 1 
1 0 0 0 1 2 1 1 2 
0 0 0 0 0 1 0 0 1 
--------------------------
Paso temporal: 66
0 0 0 0 0 0 0 0 0 
0 0 0 0 0 0 0 0 0 
1 1 0 0 0 1 1 1 1 
2 0 1 0 1 1 2 0 1 
1 1 2 1 2 0 1 2 0 
2 0 1 0 1 1 1 1 1 
1 1 0 1 0 2 1 1 2 
1 0 0 0 1 0 1 1 0 
0 0 0 0 0 1 0 0 1 
--------------------------
Paso temporal: 67
0 0 0 0 0 0 0 0 0 
0 0 0 0 0 0 0 0 0 
1 1 0 0 0 1 1 1 1 
0 1 1 0 1 2 0 1 2 
1 2 0 1 2 1 2 0 1 
0 1 1 0 1 2 1 1 2 
1 1 0 1 1 0 1 1 0 
1 0 0 0 1 1 1 1 1 
0 0 0 0 0 1 0 0 1 
--------------------------
Paso temporal: 68
0 0 0 0 0 0 0 0 0 
0 0 0 0 0 0 0 0 0 
1 1 0 0 0 1 1 1 1 
1 2 1 0 1 0 1 2 0 
1 0 1 1 2 2 0 1 2 
1 2 1 0 1 0 1 1 0 
1 1 0 1 2 1 1 1 1 
1 0 0 0 1 2 1 1 2 
0 0 0 0 0 1 0 0 1 
--------------------------
Paso temporal: 69
0 0 0 0 0 0 0 0 0 
0 0 0 0 0 0 0 0 0 
1 1 0 0 0 1 1 1 1 
2 0 1 0 1 1 2 0 1 
1 1 2 1 2 0 1 2 0 
2 0 1 0 1 1 1 1 1 
1 1 0 1 0 2 1 1 2 
1 0 0 0 1 0 1 1 0 
0 0 0 0 0 1 0 0 1 
--------------------------
Paso temporal: 70
0 0 0 0 0 0 0 0 0 
0 0 0 0 0 0 0 0 0 
1 1 0 0 0 1 1 1 1 
0 1 1 0 1 2 0 1 2 
1 2 0 1 2 1 2 0 1 
0 1 1 0 1 2 1 1 2 
1 1 0 1 1 0 1 1 0 
1 0 0 0 1 1 1 1 1 
0 0 0 0 0 1 0 0 1 
--------------------------
Paso temporal: 71
0 0 0 0 0 0 0 0 0 
0 0 0 0 0 0 0 0 0 
1 1 0 0 0 1 1 1 1 
1 2 1 0 1 0 1 2 0 
1 0 1 1 2 2 0 1 2 
1 2 1 0 1 0 1 1 0 
1 1 0 1 2 1 1 1 1 
1 0 0 0 1 2 1 1 2 
0 0 0 0 0 1 0 0 1 
--------------------------
Paso temporal: 72
0 0 0 0 0 0 0 0 0 
0 0 0 0 0 0 0 0 0 
1 1 0 0 0 1 1 1 1 
2 0 1 0 1 1 2 0 1 
1 1 2 1 2 0 1 2 0 
2 0 1 0 1 1 1 1 1 
1 1 0 1 0 2 1 1 2 
1 0 0 0 1 0 1 1 0 
0 0 0 0 0 1 0 0 1 
--------------------------
Paso temporal: 73
0 0 0 0 0 0 0 0 0 
0 0 0 0 0 0 0 0 0 
1 1 0 0 0 1 1 1 1 
0 1 1 0 1 2 0 1 2 
1 2 0 1 2 1 2 0 1 
0 1 1 0 1 2 1 1 2 
1 1 0 1 1 0 1 1 0 
1 0 0 0 1 1 1 1 1 
0 0 0 0 0 1 0 0 1 
--------------------------
Paso temporal: 74
0 0 0 0 0 0 0 0 0 
0 0 0 0 0 0 0 0 0 
1 1 0 0 0 1 1 1 1 
1 2 1 0 1 0 1 2 0 
1 0 1 1 2 2 0 1 2 
1 2 1 0 1 0 1 1 0 
1 1 0 1 2 1 1 1 1 
1 0 0 0 1 2 1 1 2 
0 0 0 0 0 1 0 0 1 
--------------------------
Paso temporal: 75
0 0 0 0 0 0 0 0 0 
0 0 0 0 0 0 0 0 0 
1 1 0 0 0 1 1 1 1 
2 0 1 0 1 1 2 0 1 
1 1 2 1 2 0 1 2 0 
2 0 1 0 1 1 1 1 1 
1 1 0 1 0 2 1 1 2 
1 0 0 0 1 0 1 1 0 
0 0 0 0 0 1 0 0 1 
--------------------------
Paso temporal: 76
0 0 0 0 0 0 0 0 0 
0 0 0 0 0 0 0 0 0 
1 1 0 0 0 1 1 1 1 
0 1 1 0 1 2 0 1 2 
1 2 0 1 2 1 2 0 1 
0 1 1 0 1 2 1 1 2 
1 1 0 1 1 0 1 1 0 
1 0 0 0 1 1 1 1 1 
0 0 0 0 0 1 0 0 1 
--------------------------
Paso temporal: 77
0 0 0 0 0 0 0 0 0 
0 0 0 0 0 0 0 0 0 
1 1 0 0 0 1 1 1 1 
1 2 1 0 1 0 1 2 0 
1 0 1 1 2 2 0 1 2 
1 2 1 0 1 0 1 1 0 
1 1 0 1 2 1 1 1 1 
1 0 0 0 1 2 1 1 2 
0 0 0 0 0 1 0 0 1 
--------------------------
Paso temporal: 78
0 0 0 0 0 0 0 0 0 
0 0 0 0 0 0 0 0 0 
1 1 0 0 0 1 1 1 1 
2 0 1 0 1 1 2 0 1 
1 1 2 1 2 0 1 2 0 
2 0 1 0 1 1 1 1 1 
1 1 0 1 0 2 1 1 2 
1 0 0 0 1 0 1 1 0 
0 0 0 0 0 1 0 0 1 
--------------------------
Paso temporal: 79
0 0 0 0 0 0 0 0 0 
0 0 0 0 0 0 0 0 0 
1 1 0 0 0 1 1 1 1 
0 1 1 0 1 2 0 1 2 
1 2 0 1 2 1 2 0 1 
0 1 1 0 1 2 1 1 2 
1 1 0 1 1 0 1 1 0 
1 0 0 0 1 1 1 1 1 
0 0 0 0 0 1 0 0 1 
--------------------------
Paso temporal: 80
0 0 0 0 0 0 0 0 0 
0 0 0 0 0 0 0 0 0 
1 1 0 0 0 1 1 1 1 
1 2 1 0 1 0 1 2 0 
1 0 1 1 2 2 0 1 2 
1 2 1 0 1 0 1 1 0 
1 1 0 1 2 1 1 1 1 
1 0 0 0 1 2 1 1 2 
0 0 0 0 0 1 0 0 1 
--------------------------
Paso temporal: 81
0 0 0 0 0 0 0 0 0 
0 0 0 0 0 0 0 0 0 
1 1 0 0 0 1 1 1 1 
2 0 1 0 1 1 2 0 1 
1 1 2 1 2 0 1 2 0 
2 0 1 0 1 1 1 1 1 
1 1 0 1 0 2 1 1 2 
1 0 0 0 1 0 1 1 0 
0 0 0 0 0 1 0 0 1 
--------------------------
Paso temporal: 82
0 0 0 0 0 0 0 0 0 
0 0 0 0 0 0 0 0 0 
1 1 0 0 0 1 1 1 1 
0 1 1 0 1 2 0 1 2 
1 2 0 1 2 1 2 0 1 
0 1 1 0 1 2 1 1 2 
1 1 0 1 1 0 1 1 0 
1 0 0 0 1 1 1 1 1 
0 0 0 0 0 1 0 0 1 
--------------------------
Paso temporal: 83
0 0 0 0 0 0 0 0 0 
0 0 0 0 0 0 0 0 0 
1 1 0 0 0 1 1 1 1 
1 2 1 0 1 0 1 2 0 
1 0 1 1 2 2 0 1 2 
1 2 1 0 1 0 1 1 0 
1 1 0 1 2 1 1 1 1 
1 0 0 0 1 2 1 1 2 
0 0 0 0 0 1 0 0 1 
--------------------------
Paso temporal: 84
0 0 0 0 0 0 0 0 0 
0 0 0 0 0 0 0 0 0 
1 1 0 0 0 1 1 1 1 
2 0 1 0 1 1 2 0 1 
1 1 2 1 2 0 1 2 0 
2 0 1 0 1 1 1 1 1 
1 1 0 1 0 2 1 1 2 
1 0 0 0 1 0 1 1 0 
0 0 0 0 0 1 0 0 1 
--------------------------
Paso temporal: 85
0 0 0 0 0 0 0 0 0 
0 0 0 0 0 0 0 0 0 
1 1 0 0 0 1 1 1 1 
0 1 1 0 1 2 0 1 2 
1 2 0 1 2 1 2 0 1 
0 1 1 0 1 2 1 1 2 
1 1 0 1 1 0 1 1 0 
1 0 0 0 1 1 1 1 1 
0 0 0 0 0 1 0 0 1 
--------------------------
Paso temporal: 86
0 0 0 0 0 0 0 0 0 
0 0 0 0 0 0 0 0 0 
1 1 0 0 0 1 1 1 1 
1 2 1 0 1 0 1 2 0 
1 0 1 1 2 2 0 1 2 
1 2 1 0 1 0 1 1 0 
1 1 0 1 2 1 1 1 1 
1 0 0 0 1 2 1 1 2 
0 0 0 0 0 1 0 0 1 
--------------------------
Paso temporal: 87
0 0 0 0 0 0 0 0 0 
0 0 0 0 0 0 0 0 0 
1 1 0 0 0 1 1 1 1 
2 0 1 0 1 1 2 0 1 
1 1 2 1 2 0 1 2 0 
2 0 1 0 1 1 1 1 1 
1 1 0 1 0 2 1 1 2 
1 0 0 0 1 0 1 1 0 
0 0 0 0 0 1 0 0 1 
--------------------------
Paso temporal: 88
0 0 0 0 0 0 0 0 0 
0 0 0 0 0 0 0 0 0 
1 1 0 0 0 1 1 1 1 
0 1 1 0 1 2 0 1 2 
1 2 0 1 2 1 2 0 1 
0 1 1 0 1 2 1 1 2 
1 1 0 1 1 0 1 1 0 
1 0 0 0 1 1 1 1 1 
0 0 0 0 0 1 0 0 1 
--------------------------
Paso temporal: 89
0 0 0 0 0 0 0 0 0 
0 0 0 0 0 0 0 0 0 
1 1 0 0 0 1 1 1 1 
1 2 1 0 1 0 1 2 0 
1 0 1 1 2 2 0 1 2 
1 2 1 0 1 0 1 1 0 
1 1 0 1 2 1 1 1 1 
1 0 0 0 1 2 1 1 2 
0 0 0 0 0 1 0 0 1 
--------------------------
Paso temporal: 90
0 0 0 0 0 0 0 0 0 
0 0 0 0 0 0 0 0 0 
1 1 0 0 0 1 1 1 1 
2 0 1 0 1 1 2 0 1 
1 1 2 1 2 0 1 2 0 
2 0 1 0 1 1 1 1 1 
1 1 0 1 0 2 1 1 2 
1 0 0 0 1 0 1 1 0 
0 0 0 0 0 1 0 0 1 
--------------------------
Paso temporal: 91
0 0 0 0 0 0 0 0 0 
0 0 0 0 0 0 0 0 0 
1 1 0 0 0 1 1 1 1 
0 1 1 0 1 2 0 1 2 
1 2 0 1 2 1 2 0 1 
0 1 1 0 1 2 1 1 2 
1 1 0 1 1 0 1 1 0 
1 0 0 0 1 1 1 1 1 
0 0 0 0 0 1 0 0 1 
--------------------------
Paso temporal: 92
0 0 0 0 0 0 0 0 0 
0 0 0 0 0 0 0 0 0 
1 1 0 0 0 1 1 1 1 
1 2 1 0 1 0 1 2 0 
1 0 1 1 2 2 0 1 2 
1 2 1 0 1 0 1 1 0 
1 1 0 1 2 1 1 1 1 
1 0 0 0 1 2 1 1 2 
0 0 0 0 0 1 0 0 1 
--------------------------
Paso temporal: 93
0 0 0 0 0 0 0 0 0 
0 0 0 0 0 0 0 0 0 
1 1 0 0 0 1 1 1 1 
2 0 1 0 1 1 2 0 1 
1 1 2 1 2 0 1 2 0 
2 0 1 0 1 1 1 1 1 
1 1 0 1 0 2 1 1 2 
1 0 0 0 1 0 1 1 0 
0 0 0 0 0 1 0 0 1 
--------------------------
Paso temporal: 94
0 0 0 0 0 0 0 0 0 
0 0 0 0 0 0 0 0 0 
1 1 0 0 0 1 1 1 1 
0 1 1 0 1 2 0 1 2 
1 2 0 1 2 1 2 0 1 
0 1 1 0 1 2 1 1 2 
1 1 0 1 1 0 1 1 0 
1 0 0 0 1 1 1 1 1 
0 0 0 0 0 1 0 0 1 
--------------------------
Paso temporal: 95
0 0 0 0 0 0 0 0 0 
0 0 0 0 0 0 0 0 0 
1 1 0 0 0 1 1 1 1 
1 2 1 0 1 0 1 2 0 
1 0 1 1 2 2 0 1 2 
1 2 1 0 1 0 1 1 0 
1 1 0 1 2 1 1 1 1 
1 0 0 0 1 2 1 1 2 
0 0 0 0 0 1 0 0 1 
--------------------------
Paso temporal: 96
0 0 0 0 0 0 0 0 0 
0 0 0 0 0 0 0 0 0 
1 1 0 0 0 1 1 1 1 
2 0 1 0 1 1 2 0 1 
1 1 2 1 2 0 1 2 0 
2 0 1 0 1 1 1 1 1 
1 1 0 1 0 2 1 1 2 
1 0 0 0 1 0 1 1 0 
0 0 0 0 0 1 0 0 1 
--------------------------
Paso temporal: 97
0 0 0 0 0 0 0 0 0 
0 0 0 0 0 0 0 0 0 
1 1 0 0 0 1 1 1 1 
0 1 1 0 1 2 0 1 2 
1 2 0 1 2 1 2 0 1 
0 1 1 0 1 2 1 1 2 
1 1 0 1 1 0 1 1 0 
1 0 0 0 1 1 1 1 1 
0 0 0 0 0 1 0 0 1 
--------------------------
Paso temporal: 98
0 0 0 0 0 0 0 0 0 
0 0 0 0 0 0 0 0 0 
1 1 0 0 0 1 1 1 1 
1 2 1 0 1 0 1 2 0 
1 0 1 1 2 2 0 1 2 
1 2 1 0 1 0 1 1 0 
1 1 0 1 2 1 1 1 1 
1 0 0 0 1 2 1 1 2 
0 0 0 0 0 1 0 0 1 
--------------------------
Paso temporal: 99
0 0 0 0 0 0 0 0 0 
0 0 0 0 0 0 0 0 0 
1 1 0 0 0 1 1 1 1 
2 0 1 0 1 1 2 0 1 
1 1 2 1 2 0 1 2 0 
2 0 1 0 1 1 1 1 1 
1 1 0 1 0 2 1 1 2 
1 0 0 0 1 0 1 1 0 
0 0 0 0 0 1 0 0 1 
--------------------------
