Iteración 0 - Representación de la matriz:
0 0 0 0 0 0 0 0 0 0 
0 0 0 0 0 0 0 0 0 0 
0 0 0 0 0 0 0 0 0 0 
0 0 0 0 0 0 0 0 0 0 
0 0 0 0 0 0 0 0 0 0 
0 0 0 0 0 2 0 0 0 0 
0 0 0 0 0 0 0 0 0 0 
0 0 0 0 0 0 0 0 0 0 
0 0 0 0 0 0 0 0 0 0 
0 0 0 0 0 0 0 0 0 0 

Iteración 1 - Representación de la matriz:
0 0 0 0 0 0 0 0 0 0 
0 0 0 0 0 0 0 0 0 0 
0 0 0 0 0 0 0 0 0 0 
0 0 0 0 0 0 0 0 0 0 
0 0 0 0 1 1 1 0 0 0 
0 0 0 0 1 0 1 0 0 0 
0 0 0 0 1 1 1 0 0 0 
0 0 0 0 0 0 0 0 0 0 
0 0 0 0 0 0 0 0 0 0 
0 0 0 0 0 0 0 0 0 0 

Iteración 2 - Representación de la matriz:
0 0 0 0 0 0 0 0 0 0 
0 0 0 0 0 0 0 0 0 0 
0 0 0 0 0 0 0 0 0 0 
0 0 0 0 0 0 0 0 0 0 
0 0 0 0 1 1 1 0 0 0 
0 0 0 0 1 0 1 0 0 0 
0 0 0 0 2 1 1 0 0 0 
0 0 0 0 0 0 0 0 0 0 
0 0 0 0 0 0 0 0 0 0 
0 0 0 0 0 0 0 0 0 0 

Iteración 3 - Representación de la matriz:
0 0 0 0 0 0 0 0 0 0 
0 0 0 0 0 0 0 0 0 0 
0 0 0 0 0 0 0 0 0 0 
0 0 0 0 0 0 0 0 0 0 
0 0 0 0 1 1 1 0 0 0 
0 0 0 0 1 0 1 0 0 0 
0 0 0 1 0 1 1 0 0 0 
0 0 0 1 1 0 0 0 0 0 
0 0 0 0 0 0 0 0 0 0 
0 0 0 0 0 0 0 0 0 0 

Iteración 4 - Representación de la matriz:
0 0 0 0 0 0 0 0 0 0 
0 0 0 0 0 0 0 0 0 0 
0 0 0 0 0 0 0 0 0 0 
0 0 0 0 0 0 0 0 0 0 
0 0 0 0 1 1 1 0 0 0 
0 0 0 0 1 0 1 0 0 0 
0 0 0 1 0 1 1 0 0 0 
0 0 0 2 1 0 0 0 0 0 
0 0 0 0 0 0 0 0 0 0 
0 0 0 0 0 0 0 0 0 0 

Iteración 5 - Representación de la matriz:
0 0 0 0 0 0 0 0 0 0 
0 0 0 0 0 0 0 0 0 0 
0 0 0 0 0 0 0 0 0 0 
0 0 0 0 0 0 0 0 0 0 
0 0 0 0 1 1 2 0 0 0 
0 0 0 0 1 0 1 0 0 0 
0 0 1 1 0 1 1 0 0 0 
0 0 1 2 1 0 0 0 0 0 
0 0 1 1 1 0 0 0 0 0 
0 0 0 0 0 0 0 0 0 0 

Iteración 6 - Representación de la matriz:
0 0 0 0 0 0 0 0 0 0 
0 0 0 0 0 0 0 0 0 0 
0 0 0 0 0 0 0 0 0 0 
0 0 0 0 0 0 1 1 0 0 
0 0 0 0 1 1 0 1 0 0 
0 0 0 0 1 0 1 0 0 0 
0 0 1 1 0 1 1 0 0 0 
0 0 1 2 1 0 0 0 0 0 
0 0 1 1 1 0 0 0 0 0 
0 0 0 0 0 0 0 0 0 0 

Iteración 7 - Representación de la matriz:
0 0 0 0 0 0 0 0 0 0 
0 0 0 0 0 0 0 0 0 0 
0 0 0 0 0 0 0 0 0 0 
0 0 0 0 0 0 1 2 0 0 
0 0 0 0 1 2 0 1 0 0 
0 0 0 0 2 0 1 0 0 0 
0 0 1 2 0 1 1 0 0 0 
0 0 1 0 1 0 0 0 0 0 
0 0 2 1 1 0 0 0 0 0 
0 0 0 0 0 0 0 0 0 0 

Iteración 8 - Representación de la matriz:
0 0 0 0 0 0 0 0 0 0 
0 0 0 0 0 0 0 0 0 0 
0 0 0 0 0 0 1 1 1 0 
0 0 0 0 1 0 1 0 1 0 
0 0 0 1 1 0 0 1 1 0 
0 0 1 1 0 0 1 0 0 0 
0 0 1 2 1 1 1 0 0 0 
0 0 1 0 1 0 0 0 0 0 
0 1 0 1 1 0 0 0 0 0 
0 1 1 0 0 0 0 0 0 0 

Iteración 9 - Representación de la matriz:
0 0 0 0 0 0 0 0 0 0 
0 0 0 0 0 0 0 0 0 0 
0 0 0 0 0 0 1 1 1 0 
0 0 0 0 1 0 1 0 1 0 
0 0 0 1 1 0 0 1 1 0 
0 0 1 1 0 0 2 0 0 0 
0 0 1 2 1 1 1 0 0 0 
0 0 1 0 1 0 0 0 0 0 
0 1 0 1 1 0 0 0 0 0 
0 1 2 0 0 0 0 0 0 0 

Iteración 10 - Representación de la matriz:
0 0 0 0 0 0 0 0 0 0 
0 0 0 0 0 0 0 0 0 0 
0 0 0 0 0 0 1 1 1 0 
0 0 0 0 1 0 1 0 1 0 
0 0 0 2 1 0 0 1 1 0 
0 0 1 2 0 0 0 0 0 0 
0 0 1 0 1 2 1 1 0 0 
0 0 1 0 1 0 0 0 0 0 
0 1 0 1 2 0 0 0 0 0 
0 1 0 0 0 0 0 0 0 0 

Iteración 11 - Representación de la matriz:
0 0 0 0 0 0 0 0 0 0 
0 0 0 0 0 0 0 0 0 0 
0 0 0 0 0 0 1 1 1 0 
0 0 1 0 1 0 2 0 1 0 
0 0 1 2 1 0 0 1 1 0 
0 0 2 0 1 0 0 0 0 0 
0 0 1 0 1 2 2 1 0 0 
0 0 1 0 1 0 0 0 0 0 
0 1 0 2 0 1 0 0 0 0 
0 1 0 1 1 1 0 0 0 0 

Iteración 12 - Representación de la matriz:
0 0 0 0 0 0 0 0 0 0 
0 0 0 0 0 0 0 0 0 0 
0 0 0 0 0 0 1 1 1 0 
0 0 1 0 1 0 2 0 1 0 
0 0 1 0 1 0 1 1 1 0 
0 0 0 0 2 0 1 0 0 0 
0 0 1 0 1 2 0 1 0 0 
0 0 1 0 1 0 1 1 0 0 
0 1 0 2 0 1 0 0 0 0 
0 2 0 1 2 1 0 0 0 0 

Iteración 13 - Representación de la matriz:
0 0 0 0 0 0 0 0 0 0 
0 0 0 0 0 0 0 0 0 0 
0 0 0 0 0 0 1 1 1 0 
0 0 1 0 1 0 0 0 1 0 
0 0 1 0 1 0 1 1 2 0 
0 0 0 0 0 0 1 0 0 0 
0 0 2 0 1 0 0 1 0 0 
0 0 1 0 1 0 1 1 0 0 
1 2 0 0 0 1 0 0 0 0 
1 2 1 1 2 1 0 0 0 0 

Iteración 14 - Representación de la matriz:
0 0 0 0 0 0 0 0 0 0 
0 0 0 0 0 0 0 0 0 0 
0 0 0 0 0 0 1 1 1 0 
0 0 1 0 1 0 0 0 1 0 
0 0 1 0 1 0 2 2 0 1 
0 1 1 0 0 0 1 0 0 1 
0 1 0 0 1 0 0 1 0 0 
1 1 1 0 1 0 1 1 0 0 
1 0 0 0 0 2 0 0 0 0 
1 0 2 1 0 1 0 0 0 0 

Iteración 15 - Representación de la matriz:
0 0 0 0 0 0 0 0 0 0 
0 0 0 0 0 0 0 0 0 0 
0 0 0 0 0 0 1 1 1 0 
0 0 1 0 1 0 1 0 1 0 
0 0 1 0 1 0 2 0 0 1 
0 1 1 0 0 0 1 1 0 2 
0 1 0 0 1 0 0 1 0 0 
1 1 2 0 1 0 1 1 0 0 
1 0 0 0 0 0 0 0 0 0 
1 0 2 1 0 1 1 0 0 0 

Iteración 16 - Representación de la matriz:
0 0 0 0 0 0 0 0 0 0 
0 0 0 0 0 0 0 0 0 0 
0 0 0 0 0 0 1 1 1 0 
0 0 1 0 1 0 1 0 1 0 
0 0 1 0 1 0 0 0 0 1 
0 1 1 0 0 0 1 1 0 2 
0 2 0 0 1 0 0 1 0 1 
1 1 2 0 1 0 1 1 0 0 
1 0 1 1 0 0 0 0 0 0 
1 0 0 1 0 1 1 0 0 0 

Iteración 17 - Representación de la matriz:
0 0 0 0 0 0 0 0 0 0 
0 0 0 0 0 0 0 0 0 0 
0 0 0 0 0 0 1 1 1 0 
0 0 1 0 1 0 1 0 1 0 
0 0 1 0 1 0 0 0 0 1 
1 1 1 0 0 0 1 1 0 0 
0 2 0 0 1 0 0 1 0 1 
1 2 0 0 1 0 1 1 0 0 
1 0 2 1 0 0 0 0 0 0 
1 0 0 1 0 1 1 0 0 0 

Iteración 18 - Representación de la matriz:
0 0 0 0 0 0 0 0 0 0 
0 0 0 0 0 0 0 0 0 0 
0 0 0 0 0 0 1 1 1 0 
0 0 1 0 1 0 1 0 1 0 
0 0 2 0 2 0 0 0 0 1 
2 1 2 0 0 0 1 1 0 0 
0 2 1 0 1 0 0 1 0 1 
1 0 1 0 1 0 1 1 0 0 
2 0 0 1 0 0 0 0 0 0 
1 0 0 1 0 1 1 0 0 0 

Iteración 19 - Representación de la matriz:
0 0 0 0 0 0 0 0 0 0 
0 0 0 0 0 0 0 0 0 0 
0 0 0 0 0 0 1 2 1 0 
0 1 1 1 2 0 1 0 1 0 
1 1 0 1 0 0 0 0 0 1 
0 1 0 1 1 0 1 1 0 0 
1 0 1 0 1 0 0 1 0 1 
2 0 1 0 1 0 1 1 0 0 
2 0 0 1 0 0 0 0 0 0 
1 1 0 1 0 1 1 0 0 0 

Iteración 20 - Representación de la matriz:
0 0 0 0 0 0 0 0 0 0 
0 0 0 0 0 0 1 0 1 0 
0 0 0 0 1 0 1 0 1 0 
0 1 2 1 0 0 1 0 1 0 
1 1 0 1 0 0 0 0 0 1 
0 1 0 1 1 0 1 1 0 0 
1 0 1 0 1 0 0 1 0 1 
2 0 1 0 1 0 2 1 0 0 
2 0 0 2 0 0 0 0 0 0 
1 1 0 2 0 1 1 0 0 0 

Iteración 21 - Representación de la matriz:
0 0 0 0 0 0 0 0 0 0 
0 0 0 0 0 0 1 0 1 0 
0 1 0 0 1 0 1 0 2 0 
0 1 2 1 0 0 1 0 1 0 
2 2 0 1 0 0 0 0 0 1 
0 1 0 1 1 0 1 1 0 0 
1 0 1 0 1 0 0 1 0 1 
0 0 1 0 1 0 0 1 0 0 
2 0 1 2 1 0 0 0 0 0 
1 1 1 0 1 1 1 0 0 0 

Iteración 22 - Representación de la matriz:
0 0 0 0 0 0 0 0 0 0 
0 0 0 0 0 0 1 0 1 1 
0 1 0 0 1 0 1 0 0 0 
1 1 2 1 0 0 1 0 1 0 
0 0 0 1 0 0 0 0 0 1 
1 1 0 1 1 0 1 1 0 0 
1 0 1 0 1 0 0 2 0 1 
1 0 1 0 1 0 0 1 0 0 
2 0 1 0 1 0 0 0 0 0 
2 1 1 0 2 1 1 0 0 0 

Iteración 23 - Representación de la matriz:
0 0 0 0 0 0 0 0 0 0 
0 0 0 0 0 0 1 0 1 1 
0 1 0 0 1 0 1 0 0 0 
1 1 0 1 0 0 1 0 1 0 
0 0 0 1 0 0 0 0 0 1 
1 1 0 1 1 0 1 2 0 0 
1 0 1 0 1 0 0 2 0 1 
1 0 1 0 1 0 1 1 0 0 
0 0 1 0 1 0 0 0 0 0 
0 1 1 0 0 1 1 0 0 0 

Iteración 24 - Representación de la matriz:
0 0 0 0 0 0 0 0 0 0 
0 0 0 0 0 0 1 0 1 1 
0 1 0 0 1 0 1 0 0 0 
1 1 0 2 0 0 1 0 1 0 
0 0 0 1 0 0 0 0 0 1 
1 1 0 1 1 0 1 0 1 0 
1 0 1 0 2 0 0 2 1 1 
1 0 1 0 1 0 1 1 0 0 
0 0 1 0 1 0 0 0 0 0 
0 1 1 0 0 1 1 0 0 0 

Iteración 25 - Representación de la matriz:
0 0 0 0 0 0 0 0 0 0 
0 0 0 0 0 0 1 0 1 1 
0 1 0 1 1 0 1 0 0 0 
1 1 0 2 0 0 1 0 1 0 
0 0 0 1 0 0 0 0 0 1 
1 1 0 1 1 0 1 0 1 0 
1 0 1 0 0 0 0 2 1 1 
1 0 1 0 1 0 1 1 0 0 
0 0 1 0 1 0 0 0 0 0 
0 1 2 0 0 1 1 0 0 0 

Iteración 26 - Representación de la matriz:
0 0 0 0 0 0 0 0 0 0 
0 0 0 0 0 0 1 0 2 1 
0 1 0 1 1 0 1 0 0 0 
1 1 0 0 0 0 1 0 1 0 
0 0 0 1 0 0 0 0 0 1 
1 1 0 1 1 0 1 0 1 0 
1 0 1 0 0 0 0 0 1 1 
1 0 1 0 2 0 1 1 0 0 
0 0 1 0 2 0 0 0 0 0 
0 1 2 0 0 1 1 0 0 0 

Iteración 27 - Representación de la matriz:
0 0 0 0 0 0 0 1 1 1 
0 0 0 0 0 0 1 0 2 2 
0 2 0 1 1 0 1 0 0 0 
2 2 0 0 0 0 1 0 1 0 
0 0 0 1 0 0 0 0 0 1 
1 1 0 1 1 0 1 0 1 0 
1 0 1 0 0 0 0 0 1 1 
1 0 2 0 2 1 1 1 0 0 
0 0 1 1 0 0 0 0 0 0 
0 1 2 1 1 1 1 0 0 0 

Iteración 28 - Representación de la matriz:
0 0 0 0 0 0 0 1 2 1 
1 1 1 0 0 0 1 0 0 2 
1 0 1 1 1 0 1 0 1 1 
0 0 1 0 0 0 1 0 1 0 
1 1 0 1 0 0 0 0 0 1 
1 1 0 2 1 0 1 0 1 0 
1 0 2 0 0 0 0 0 1 1 
1 0 0 0 2 1 2 1 0 0 
0 0 1 1 0 0 0 0 0 0 
0 1 0 1 1 1 1 0 0 0 

Iteración 29 - Representación de la matriz:
0 0 0 0 0 0 0 1 0 1 
1 1 1 0 0 0 1 0 0 0 
1 0 2 2 1 0 1 0 1 1 
0 0 1 0 0 0 1 0 1 0 
1 2 0 1 0 0 0 0 0 1 
1 1 0 0 1 0 2 0 1 0 
1 0 2 1 1 0 0 0 1 1 
1 0 0 1 2 1 0 1 0 0 
0 0 1 1 0 0 0 0 0 0 
0 1 0 1 1 1 2 0 0 0 

Iteración 30 - Representación de la matriz:
0 0 0 0 0 0 0 1 0 1 
1 1 1 1 1 0 1 0 0 0 
1 0 2 0 1 0 1 0 1 1 
0 0 1 0 0 0 1 0 1 0 
1 0 0 2 0 0 1 0 0 1 
1 1 0 0 1 0 2 0 1 0 
1 0 0 1 1 0 0 0 1 1 
2 0 0 1 0 1 0 1 0 0 
0 0 1 1 0 0 0 1 0 0 
0 1 0 1 1 1 0 1 0 0 

Iteración 31 - Representación de la matriz:
0 0 0 0 0 0 0 1 0 1 
1 1 1 1 1 0 1 0 0 0 
1 0 2 0 1 0 2 0 1 1 
0 0 1 1 1 0 1 0 1 0 
1 0 0 0 1 0 1 0 0 1 
1 1 0 0 1 0 0 0 2 0 
2 0 0 1 1 0 0 0 1 1 
2 0 0 1 0 2 0 1 0 0 
1 0 1 1 0 0 0 1 0 0 
0 1 0 1 1 2 0 1 0 0 

Iteración 32 - Representación de la matriz:
0 0 0 0 0 0 0 1 0 1 
1 1 1 2 1 0 2 0 0 0 
1 0 2 0 1 0 0 0 1 1 
0 0 1 1 1 0 1 0 1 0 
2 0 0 0 1 0 1 0 0 1 
1 1 0 0 1 0 0 0 2 0 
0 1 0 1 1 0 1 0 1 1 
0 1 0 1 0 0 0 1 0 0 
1 0 1 1 0 1 0 1 0 0 
0 1 0 1 2 0 0 1 0 0 

Iteración 33 - Representación de la matriz:
0 0 0 0 1 1 1 1 0 1 
1 1 1 0 1 0 2 0 0 0 
1 0 2 0 1 0 1 0 1 1 
1 1 1 1 1 0 1 0 1 0 
2 0 0 0 1 0 1 0 0 1 
1 1 0 0 1 0 0 0 0 0 
0 1 0 1 1 0 1 0 1 1 
0 1 0 1 0 0 0 1 0 0 
1 0 1 1 0 1 0 1 0 0 
0 2 0 1 0 1 0 1 0 0 

Iteración 34 - Representación de la matriz:
0 0 0 0 1 1 1 1 0 2 
1 1 1 0 1 0 0 0 0 0 
1 0 0 0 1 0 1 0 1 2 
1 1 2 1 1 0 1 0 1 0 
2 0 0 0 1 0 1 0 0 1 
1 1 0 0 1 0 0 0 0 0 
0 1 0 1 1 0 2 0 1 1 
0 1 0 1 0 0 0 1 0 0 
1 0 1 1 0 1 0 1 0 0 
1 2 0 1 0 1 0 2 0 0 

Iteración 35 - Representación de la matriz:
0 0 0 0 1 1 1 1 1 0 
1 1 1 0 1 0 0 0 1 1 
1 0 0 0 1 0 1 0 1 0 
1 1 0 1 1 0 1 0 1 0 
2 0 0 0 1 0 1 0 0 1 
1 1 0 0 2 0 1 0 0 0 
0 1 0 1 2 0 0 0 1 2 
0 2 0 1 0 0 0 1 0 0 
1 0 1 2 0 1 0 1 0 0 
1 2 0 1 0 1 0 2 1 0 

Iteración 36 - Representación de la matriz:
0 0 0 0 1 2 1 1 1 0 
1 1 1 0 1 0 0 0 1 1 
1 0 0 0 1 0 1 0 1 0 
1 1 0 1 1 0 1 0 1 0 
0 0 0 0 1 0 1 0 0 1 
1 1 0 1 2 0 1 0 0 0 
0 1 0 1 0 1 0 0 1 0 
0 0 0 1 0 1 0 1 0 1 
1 0 1 0 0 2 0 1 0 0 
2 0 1 2 0 1 0 0 1 0 

Iteración 37 - Representación de la matriz:
0 0 0 0 1 2 1 1 2 0 
1 1 2 0 1 0 0 0 1 2 
1 0 0 0 1 0 1 0 1 0 
1 2 0 1 1 0 1 0 1 0 
0 0 0 0 2 0 1 0 0 1 
1 1 0 1 2 0 1 0 0 0 
0 1 0 1 0 1 0 0 1 0 
0 0 0 1 0 1 0 1 0 1 
1 0 1 0 0 0 0 1 0 0 
2 0 1 0 1 1 0 0 1 0 

Iteración 38 - Representación de la matriz:
0 0 1 0 1 0 1 1 2 1 
2 1 2 0 1 0 0 0 2 2 
1 0 1 0 2 0 1 0 1 0 
1 2 1 2 1 0 1 0 1 0 
0 0 0 0 2 0 1 0 0 1 
1 2 0 1 2 0 1 0 0 0 
0 2 0 1 0 2 0 0 1 0 
0 0 0 1 0 1 0 1 0 1 
1 0 1 0 0 0 0 1 0 0 
2 0 1 0 1 1 0 0 1 0 

Iteración 39 - Representación de la matriz:
1 1 1 0 1 0 1 1 2 1 
2 1 0 0 2 0 0 0 2 2 
1 0 1 0 0 0 1 0 1 1 
1 0 2 2 1 0 1 0 1 0 
1 0 1 1 2 0 1 0 0 1 
1 0 1 1 2 1 1 0 0 0 
1 0 0 1 0 0 0 0 1 0 
1 0 0 1 0 2 0 1 0 1 
2 0 1 0 0 0 0 1 0 0 
2 0 1 0 1 1 0 0 1 0 

Iteración 40 - Representación de la matriz:
2 1 1 0 1 0 1 1 2 1 
0 1 0 0 0 0 0 0 2 2 
2 0 1 1 1 0 1 0 1 1 
1 0 0 0 1 0 2 0 1 0 
1 0 2 1 2 0 1 0 0 1 
1 0 1 1 0 1 1 0 0 0 
2 0 0 1 0 1 0 0 1 0 
1 0 0 1 0 2 0 1 0 1 
2 0 1 0 0 0 0 1 0 0 
2 1 2 0 1 1 0 0 1 0 

Iteración 41 - Representación de la matriz:
0 2 2 0 1 0 2 1 2 1 
1 1 0 0 0 0 0 0 0 2 
0 0 1 1 1 0 1 0 1 2 
1 0 0 0 1 0 2 0 1 0 
1 0 0 1 0 0 1 0 0 1 
1 0 1 1 0 1 1 0 0 0 
2 0 0 1 0 1 0 0 1 0 
1 1 0 1 0 2 0 1 0 2 
2 1 1 0 0 0 0 1 0 0 
0 2 0 0 1 1 0 0 1 0 

Iteración 42 - Representación de la matriz:
0 2 2 1 1 1 0 1 0 1 
1 1 0 0 0 0 0 0 1 2 
0 0 1 1 1 0 1 0 1 2 
1 0 0 0 1 0 2 0 1 0 
1 0 0 1 0 0 1 0 0 1 
1 0 1 1 0 1 1 0 0 0 
0 0 0 1 0 1 0 0 1 1 
1 1 0 1 0 0 0 1 0 2 
0 1 1 0 0 0 0 1 0 1 
1 0 0 0 1 1 0 0 2 0 

Iteración 43 - Representación de la matriz:
0 0 0 1 1 2 0 1 0 1 
1 1 0 0 0 0 0 0 1 0 
0 0 1 1 1 0 1 0 1 2 
1 0 0 0 1 0 0 0 1 0 
1 0 0 1 0 0 1 0 0 1 
2 0 1 1 0 1 1 0 0 0 
0 0 0 1 0 1 0 0 1 1 
1 1 0 1 0 0 0 1 0 2 
0 1 2 0 0 0 0 2 0 2 
1 0 0 0 1 1 0 1 2 1 

Iteración 44 - Representación de la matriz:
0 0 0 1 1 2 1 1 0 1 
2 1 0 0 0 0 0 0 1 0 
0 0 1 1 1 0 1 0 2 0 
1 0 0 0 1 0 0 0 1 0 
2 0 0 1 0 0 1 0 0 1 
2 0 1 1 0 2 1 0 0 0 
0 0 0 1 0 1 0 0 1 1 
1 1 0 1 0 0 0 1 1 2 
0 1 0 0 0 0 0 0 1 2 
1 0 1 1 1 1 0 1 2 1 

Iteración 45 - Representación de la matriz:
1 1 0 2 1 2 1 1 0 1 
0 1 0 0 0 0 0 0 1 0 
0 0 1 1 1 0 1 0 2 0 
1 0 0 0 1 0 0 0 1 0 
0 1 0 2 0 0 1 0 0 1 
0 1 1 1 0 0 1 0 0 0 
0 0 0 1 0 1 0 0 1 1 
1 1 0 1 0 0 0 1 1 2 
0 1 0 0 0 0 0 0 1 2 
1 0 1 1 1 1 0 1 2 1 

Iteración 46 - Representación de la matriz:
1 1 0 0 1 0 1 1 0 1 
0 1 0 0 0 0 0 0 1 0 
0 0 1 2 1 0 1 0 2 0 
1 0 0 0 1 0 0 0 1 0 
0 1 0 2 0 0 1 0 0 1 
0 1 2 1 0 0 1 0 0 0 
0 0 0 1 0 1 0 0 1 1 
1 1 0 1 0 0 0 1 1 2 
0 1 0 0 0 0 0 0 1 2 
1 0 1 2 1 1 0 1 0 1 

Iteración 47 - Representación de la matriz:
1 1 0 0 1 0 1 1 0 1 
0 1 0 0 0 0 0 0 1 0 
0 0 1 2 1 0 1 0 0 0 
1 0 1 0 1 0 0 0 1 0 
0 1 0 2 0 0 1 0 0 2 
0 1 0 1 0 0 1 0 0 0 
0 0 0 1 0 1 0 0 1 1 
1 1 0 1 0 0 0 1 1 2 
0 1 0 0 0 0 0 0 2 2 
1 0 1 2 1 2 0 1 0 1 

Iteración 48 - Representación de la matriz:
1 1 0 0 1 0 1 1 0 1 
0 1 0 0 0 0 0 0 1 0 
0 0 1 0 1 0 2 0 0 0 
2 0 1 0 1 0 0 0 1 1 
0 1 0 0 0 0 1 0 1 0 
0 1 0 1 0 0 1 0 0 0 
0 0 0 1 0 2 0 0 1 1 
1 1 0 2 0 0 0 2 1 2 
0 1 0 0 1 1 0 0 2 2 
1 0 1 2 1 0 1 2 1 1 

Iteración 49 - Representación de la matriz:
1 1 0 0 2 0 1 1 0 1 
0 1 0 0 0 0 0 0 1 0 
1 0 1 0 1 0 2 0 0 0 
2 0 1 0 2 0 1 0 2 1 
0 1 0 0 0 0 1 0 1 0 
0 1 0 1 0 0 1 0 0 0 
0 0 0 1 1 0 1 0 1 1 
1 1 0 2 0 0 1 2 1 2 
0 2 0 0 1 1 1 1 2 2 
1 0 1 2 1 0 1 0 1 1 

Iteración 50 - Representación de la matriz:
1 1 0 1 2 1 1 1 0 1 
0 1 0 0 1 1 0 0 1 0 
1 0 1 0 1 1 0 1 0 0 
0 0 1 0 0 0 1 0 2 1 
0 1 0 0 1 0 1 0 1 0 
0 1 0 1 0 0 1 0 0 0 
0 0 0 1 1 0 1 0 1 1 
1 1 1 0 0 0 1 0 1 2 
0 0 1 0 1 1 2 1 2 2 
1 0 2 2 2 0 2 0 1 1 

Iteración 51 - Representación de la matriz:
1 1 0 1 2 1 1 1 0 1 
0 1 0 0 1 1 0 0 1 0 
1 0 1 0 1 1 0 1 0 0 
0 0 1 0 0 0 2 0 2 1 
0 1 0 0 1 0 2 0 1 0 
0 1 0 1 0 0 1 0 0 0 
0 0 0 1 1 0 1 0 1 1 
1 1 1 0 0 0 1 0 1 2 
0 0 1 1 1 1 2 2 2 2 
1 0 2 2 0 1 0 1 1 1 

Iteración 52 - Representación de la matriz:
1 1 0 1 0 1 1 1 0 1 
0 1 0 0 1 1 0 0 1 0 
1 0 1 0 1 1 0 1 0 0 
0 0 1 0 0 0 0 1 0 1 
0 1 0 0 1 1 2 1 1 0 
0 1 0 1 0 0 1 0 0 0 
0 0 0 1 1 0 2 0 1 1 
1 1 1 0 0 0 1 0 1 2 
0 0 1 1 2 1 2 0 2 2 
1 0 2 0 0 1 0 2 1 1 

Iteración 53 - Representación de la matriz:
1 1 0 1 0 1 1 1 0 1 
0 1 0 0 2 1 0 0 1 0 
2 0 1 0 1 1 0 1 0 0 
0 0 1 0 0 0 0 1 0 1 
0 1 0 0 1 1 0 1 1 0 
0 1 0 2 0 0 1 0 0 0 
0 0 0 1 1 0 0 0 1 1 
1 1 1 0 0 1 1 1 1 2 
0 0 1 1 0 1 0 1 2 2 
1 0 0 1 0 1 1 0 1 1 

Iteración 54 - Representación de la matriz:
1 1 0 1 0 1 1 1 0 1 
0 1 0 0 0 2 0 0 1 0 
0 0 1 0 1 1 0 1 0 0 
1 0 1 0 0 0 0 1 0 1 
0 1 0 0 1 2 0 2 1 0 
0 1 0 2 0 0 1 0 0 0 
0 0 0 2 1 0 0 0 1 1 
1 1 1 0 0 1 1 1 1 2 
0 0 1 1 0 1 0 1 2 2 
1 0 0 1 0 1 1 0 2 1 

Iteración 55 - Representación de la matriz:
1 2 0 1 0 1 1 1 0 1 
0 1 0 0 0 0 0 0 1 0 
0 0 1 0 1 1 0 1 0 0 
1 0 1 0 0 0 0 1 0 1 
0 1 0 0 1 0 1 2 1 0 
0 1 1 2 1 0 1 0 0 0 
0 0 0 2 1 0 0 0 1 1 
1 1 1 0 0 1 1 1 1 2 
0 0 1 2 0 1 0 1 2 2 
1 0 0 1 0 1 1 1 2 1 

Iteración 56 - Representación de la matriz:
1 2 0 1 0 1 1 2 0 1 
0 1 0 0 0 0 0 0 1 0 
0 0 1 0 1 1 0 1 0 0 
1 0 1 0 0 0 0 1 0 1 
0 1 0 0 1 0 2 0 1 0 
0 2 1 2 1 0 1 0 0 0 
0 0 0 2 1 0 0 0 1 1 
1 2 1 0 0 1 1 2 1 2 
0 0 1 0 0 1 0 1 2 2 
1 0 0 1 0 1 1 1 2 1 

Iteración 57 - Representación de la matriz:
1 0 0 1 0 1 1 2 0 2 
0 1 0 0 0 0 0 0 1 0 
0 0 1 0 1 1 0 1 0 0 
1 0 1 0 0 0 0 1 0 1 
0 1 0 0 1 0 0 0 1 0 
1 0 1 2 1 0 1 0 0 0 
1 0 1 0 1 0 0 0 1 1 
1 2 1 0 0 1 1 0 1 2 
0 0 1 0 0 1 0 1 2 2 
1 0 0 1 0 1 1 1 2 1 

Iteración 58 - Representación de la matriz:
1 0 0 1 0 1 1 0 1 2 
0 1 0 0 0 0 0 0 1 1 
0 0 1 0 1 1 0 1 0 0 
2 0 1 0 0 0 0 2 0 1 
0 1 0 0 1 0 0 0 1 0 
2 0 2 0 1 0 1 0 0 0 
1 0 1 0 2 0 0 0 1 1 
2 0 1 0 0 1 1 0 1 2 
0 0 1 0 0 1 0 2 2 2 
1 0 0 1 0 1 1 1 2 1 

Iteración 59 - Representación de la matriz:
1 0 0 1 0 1 2 0 1 0 
0 1 0 0 0 0 0 0 1 1 
1 0 1 0 1 1 0 1 0 0 
0 0 2 0 0 0 0 0 0 2 
1 1 0 0 2 0 1 0 1 0 
0 0 0 0 1 0 1 0 0 0 
1 1 1 0 2 0 0 0 1 1 
0 0 1 0 0 1 1 0 1 2 
1 0 1 0 0 2 0 0 2 2 
1 0 0 1 0 1 1 1 2 1 

Iteración 60 - Representación de la matriz:
1 0 0 2 0 1 0 0 1 0 
0 1 0 0 0 0 0 0 1 1 
2 0 1 0 1 1 0 1 0 0 
0 0 2 1 0 0 0 0 0 0 
1 1 1 1 2 0 1 0 1 1 
0 0 0 1 1 0 1 0 0 0 
2 1 1 0 2 0 0 0 1 1 
0 0 1 0 1 1 1 0 1 2 
1 0 1 0 0 2 0 0 2 2 
1 0 0 1 0 2 1 1 2 1 

Iteración 61 - Representación de la matriz:
1 0 1 0 1 1 0 0 1 0 
0 1 0 0 0 0 0 0 1 1 
2 1 1 0 1 1 0 1 0 0 
0 0 0 1 0 0 0 0 0 0 
1 1 2 1 2 0 1 0 1 1 
0 0 0 1 1 0 1 0 0 0 
2 1 1 0 0 0 0 0 2 1 
0 0 2 0 1 2 1 0 1 2 
1 0 1 0 0 2 0 0 2 2 
1 0 0 1 1 0 1 1 2 2 

Iteración 62 - Representación de la matriz:
1 0 1 0 1 1 0 0 1 0 
0 2 0 0 0 0 0 0 1 1 
2 1 1 0 1 2 0 1 0 0 
0 0 0 2 0 0 0 0 0 0 
1 1 0 1 0 0 1 0 1 1 
0 0 0 1 1 0 1 0 0 0 
0 1 1 0 0 0 0 0 2 1 
0 0 2 0 1 0 1 1 1 2 
1 0 1 0 0 0 0 0 2 2 
1 0 0 1 2 0 1 1 2 2 

Iteración 63 - Representación de la matriz:
1 0 1 0 2 1 0 0 1 0 
1 0 0 0 0 0 0 0 1 1 
2 2 2 0 1 2 1 1 0 0 
0 0 0 2 1 0 0 0 0 0 
1 1 0 1 0 0 1 0 1 1 
0 0 0 1 1 0 1 0 0 0 
0 1 1 0 0 0 0 0 2 1 
0 0 0 0 1 0 1 1 1 2 
2 0 1 0 0 0 0 0 2 2 
2 0 0 2 0 1 1 1 2 2 

Iteración 64 - Representación de la matriz:
1 0 1 1 0 1 0 0 1 0 
1 1 1 1 1 0 0 0 1 1 
2 0 2 1 1 2 1 1 0 0 
1 1 1 2 1 0 0 0 0 0 
1 1 0 1 0 0 1 0 1 1 
0 0 0 1 1 0 1 0 0 0 
0 1 1 0 0 0 0 0 0 1 
1 0 0 0 1 0 1 1 1 2 
2 1 1 0 0 0 0 0 2 2 
2 1 1 0 1 1 1 1 2 2 

Iteración 65 - Representación de la matriz:
1 0 1 1 0 1 0 0 2 0 
1 2 1 1 1 0 0 0 1 1 
0 0 2 1 1 0 1 1 0 0 
1 1 1 0 1 0 0 0 0 0 
1 1 0 1 0 0 1 0 1 2 
0 0 0 1 1 0 1 0 0 0 
0 1 1 0 0 0 0 0 0 1 
2 0 0 0 1 0 1 1 1 2 
0 1 1 0 0 0 0 0 2 2 
2 1 1 0 1 1 2 1 2 2 

Iteración 66 - Representación de la matriz:
1 0 1 1 0 1 0 1 0 0 
1 2 1 2 2 0 0 0 1 2 
0 0 0 1 1 0 1 1 0 0 
1 1 2 0 1 0 0 0 0 1 
1 1 0 1 0 0 1 0 1 2 
0 0 0 1 1 0 1 0 0 0 
1 2 1 0 0 0 0 0 0 1 
0 0 0 0 1 0 1 1 1 2 
1 1 1 0 0 0 0 0 2 2 
2 1 1 0 1 1 0 1 2 2 

Iteración 67 - Representación de la matriz:
1 0 1 1 1 1 0 2 0 1 
1 2 1 2 2 0 0 0 1 0 
0 0 1 1 2 0 1 1 0 0 
1 1 0 0 1 0 0 0 0 1 
1 1 0 2 0 0 1 0 1 2 
0 0 0 1 1 0 1 0 0 0 
1 0 1 0 0 0 0 0 0 1 
0 0 0 0 1 0 1 1 1 2 
1 1 1 0 0 0 0 0 2 2 
2 1 1 0 1 2 0 1 2 2 

Iteración 68 - Representación de la matriz:
1 0 1 1 1 1 1 0 0 1 
1 0 1 2 2 0 0 0 2 0 
0 0 1 1 2 1 2 2 0 0 
1 1 0 0 1 0 0 0 0 1 
1 1 0 0 0 0 1 0 2 0 
0 0 0 1 2 0 1 0 0 0 
1 0 1 0 0 0 0 0 0 1 
0 0 0 0 1 0 1 1 1 2 
1 1 1 0 0 0 0 0 2 2 
2 1 1 0 1 0 1 1 2 2 

Iteración 69 - Representación de la matriz:
2 0 1 1 1 1 1 1 1 2 
1 0 1 2 2 0 0 1 0 1 
0 0 1 1 0 1 2 0 1 1 
1 2 0 0 1 0 1 1 1 1 
1 1 0 0 0 0 1 0 2 1 
0 0 0 1 2 0 1 0 1 1 
1 0 1 0 0 0 0 0 0 1 
0 0 0 0 1 0 1 1 1 2 
1 1 1 0 0 0 0 0 2 2 
0 1 1 0 1 0 1 1 2 2 

Iteración 70 - Representación de la matriz:
0 0 1 1 2 1 1 1 1 2 
1 0 1 2 0 0 0 1 0 1 
0 0 2 1 0 1 2 0 1 1 
1 0 0 0 1 0 1 1 1 1 
1 1 0 0 0 0 1 0 2 1 
0 0 0 1 2 0 1 0 1 1 
1 0 1 0 0 0 0 0 0 1 
0 0 0 0 2 0 1 1 1 2 
2 1 1 0 0 0 0 0 2 2 
0 1 1 0 1 0 1 1 2 2 

Iteración 71 - Representación de la matriz:
0 0 1 1 0 1 1 1 1 2 
1 0 1 0 0 0 0 1 0 2 
0 0 0 1 0 1 0 0 1 1 
1 0 0 0 1 0 1 2 1 1 
1 1 0 0 0 0 1 0 0 1 
0 0 0 1 0 0 1 0 1 1 
1 0 2 1 1 1 0 0 0 2 
0 0 0 0 0 1 1 1 1 2 
2 2 1 0 1 0 0 0 2 2 
0 1 1 0 1 0 1 1 2 2 

Iteración 72 - Representación de la matriz:
0 0 1 1 0 1 1 1 1 2 
1 0 1 0 0 0 0 1 0 0 
0 0 0 1 0 1 0 0 2 1 
1 0 0 0 1 0 1 2 1 1 
1 1 0 0 0 0 1 0 0 1 
0 0 0 1 0 0 1 0 1 1 
1 1 2 1 1 2 0 0 0 2 
1 1 1 0 0 1 1 1 1 2 
0 0 1 0 1 0 0 0 2 2 
1 2 1 0 1 0 1 1 2 2 

Iteración 73 - Representación de la matriz:
0 0 1 2 0 1 1 1 2 0 
1 0 2 0 0 0 0 1 0 1 
0 0 0 2 0 1 0 0 2 1 
1 0 0 0 1 0 1 2 1 2 
1 1 0 0 0 0 1 0 0 1 
0 0 0 1 0 0 1 0 2 1 
1 1 0 1 1 0 0 0 0 2 
1 1 2 0 0 1 1 2 2 2 
0 0 1 0 1 0 0 0 2 2 
1 2 2 0 1 0 2 1 2 2 

Iteración 74 - Representación de la matriz:
0 0 1 2 1 1 1 1 2 1 
1 0 0 1 1 0 0 1 0 2 
0 0 1 2 0 1 0 0 0 1 
1 0 1 1 1 0 1 0 1 2 
1 1 0 0 0 0 1 0 1 1 
0 0 0 1 0 0 1 0 2 1 
1 1 0 1 2 0 0 1 1 2 
1 1 2 0 0 1 1 2 2 2 
0 0 1 0 2 0 0 1 2 2 
1 0 0 0 2 0 2 2 2 2 

Iteración 75 - Representación de la matriz:
0 0 1 0 1 1 1 2 2 1 
1 0 0 1 1 0 0 1 0 0 
0 0 1 0 0 1 0 0 0 1 
1 0 1 1 1 0 1 0 1 0 
2 1 0 0 0 0 1 0 2 1 
0 0 0 1 0 0 1 0 0 1 
1 1 0 1 0 0 0 1 1 2 
1 1 2 1 1 1 1 2 2 2 
0 0 1 1 2 1 1 1 2 2 
1 0 0 1 0 1 2 2 2 2 

Iteración 76 - Representación de la matriz:
0 0 1 0 1 1 1 2 0 1 
1 0 0 1 1 0 0 1 0 0 
0 0 1 0 0 1 0 0 0 1 
2 0 1 1 1 0 1 0 1 0 
0 1 0 0 0 0 2 0 0 1 
0 0 0 1 0 0 1 0 0 1 
1 1 0 1 0 0 0 1 1 2 
1 1 2 2 1 1 1 2 2 2 
0 0 1 1 0 1 1 1 2 2 
1 0 0 1 0 1 2 2 2 2 

Iteración 77 - Representación de la matriz:
0 0 1 0 1 1 1 0 0 1 
2 0 0 1 1 0 0 2 0 0 
1 0 1 0 0 1 0 0 0 1 
0 0 1 1 1 0 1 0 1 0 
1 1 0 0 0 0 0 0 0 1 
0 0 0 1 0 1 1 0 0 1 
1 1 0 1 0 0 0 1 1 2 
1 1 0 2 1 2 1 2 2 2 
0 0 1 1 0 1 1 1 2 2 
1 0 0 2 0 1 2 2 2 2 

Iteración 78 - Representación de la matriz:
1 1 1 0 1 1 2 1 1 1 
0 0 0 1 1 0 0 2 0 0 
1 0 2 0 0 1 0 0 0 1 
0 0 1 1 1 0 1 0 1 0 
1 2 0 0 0 0 0 0 0 2 
0 0 0 1 0 1 1 0 0 1 
1 1 0 1 0 0 0 1 1 2 
1 1 0 0 1 2 1 2 2 2 
0 0 1 1 0 1 1 1 2 2 
1 0 0 0 0 1 2 2 2 2 

Iteración 79 - Representación de la matriz:
1 1 2 0 1 1 2 1 1 1 
0 0 0 1 1 0 0 0 0 0 
1 0 2 0 0 2 0 0 0 1 
0 0 1 1 1 0 1 0 1 0 
1 0 0 0 0 0 0 0 0 0 
0 0 0 1 0 1 2 0 0 1 
2 2 0 1 0 0 0 1 1 2 
1 1 0 0 1 0 1 2 2 2 
0 0 2 1 0 2 1 1 2 2 
1 0 0 0 0 1 2 2 2 2 

Iteración 80 - Representación de la matriz:
2 1 0 0 1 1 0 1 1 1 
0 0 1 1 1 0 1 0 0 0 
1 0 2 0 0 2 1 0 0 1 
0 0 1 1 1 0 2 0 1 0 
1 0 0 0 0 0 0 0 0 0 
1 1 0 1 0 1 2 0 0 1 
0 2 0 1 0 0 0 1 1 2 
1 1 0 0 1 0 1 2 2 2 
0 0 0 1 0 2 1 2 2 2 
1 1 1 1 0 1 2 2 2 2 

Iteración 81 - Representación de la matriz:
0 2 0 0 1 1 0 1 1 1 
0 0 1 1 1 0 1 0 0 0 
1 0 0 0 0 0 1 0 0 2 
0 0 1 1 1 1 0 0 1 0 
1 0 0 0 0 1 1 1 0 0 
1 1 0 1 0 1 2 0 0 1 
0 0 0 1 0 0 0 1 1 2 
2 1 0 0 1 0 1 2 2 2 
0 0 0 1 0 0 1 2 2 2 
1 1 1 1 0 1 2 2 2 2 

Iteración 82 - Representación de la matriz:
1 0 0 0 1 1 0 1 1 1 
1 0 1 1 2 0 1 0 0 0 
1 0 0 0 0 0 1 0 1 0 
0 0 1 1 1 1 0 0 1 1 
1 0 0 0 0 1 1 1 0 0 
1 1 0 1 0 1 0 0 0 1 
0 0 0 1 0 0 0 1 1 2 
0 1 0 0 1 0 1 2 2 2 
0 0 0 1 0 0 1 2 2 2 
2 1 1 2 0 1 2 2 2 2 

Iteración 83 - Representación de la matriz:
1 0 0 0 2 1 0 1 1 1 
1 0 1 1 2 0 1 0 0 0 
1 0 0 0 0 0 1 0 1 0 
0 0 2 1 1 1 0 0 1 1 
1 0 0 0 0 1 1 1 0 0 
1 1 0 1 0 2 0 0 0 1 
0 0 0 1 0 0 0 1 1 2 
0 1 0 0 1 0 2 2 2 2 
0 0 0 1 0 0 1 2 2 2 
0 2 1 2 0 1 2 2 2 2 

Iteración 84 - Representación de la matriz:
1 0 0 1 2 1 0 1 1 1 
1 0 1 1 0 0 1 0 0 0 
1 0 0 0 0 0 1 0 1 0 
0 0 2 1 1 2 0 0 1 2 
2 0 0 0 0 1 1 1 0 0 
1 2 0 1 0 0 0 0 0 1 
0 0 0 1 0 1 1 1 1 2 
0 1 0 0 1 0 2 2 2 2 
1 0 0 1 0 0 1 2 2 2 
1 2 1 2 0 1 2 2 2 2 

Iteración 85 - Representación de la matriz:
1 0 0 2 2 1 0 1 1 1 
1 0 1 1 0 0 1 0 0 0 
1 0 0 0 0 0 1 0 2 0 
1 1 0 1 1 0 0 0 1 0 
2 1 1 0 0 1 2 1 0 0 
1 2 0 1 0 0 0 0 0 1 
0 0 0 1 0 1 1 1 1 2 
0 1 0 0 1 0 0 2 2 2 
1 0 0 1 0 0 2 2 2 2 
1 0 1 0 0 1 2 2 2 2 

Iteración 86 - Representación de la matriz:
1 0 0 0 2 1 0 1 1 1 
1 0 1 1 1 0 1 0 0 0 
1 0 0 0 0 0 1 0 0 1 
1 1 0 1 1 0 0 0 1 1 
2 1 1 0 0 1 0 1 0 0 
1 2 0 2 0 0 0 0 0 1 
0 0 0 1 0 1 1 1 1 2 
0 2 0 0 1 0 1 2 2 2 
2 0 0 1 0 1 2 2 2 2 
2 0 1 0 0 1 2 2 2 2 

Iteración 87 - Representación de la matriz:
1 0 0 0 0 1 0 1 1 1 
1 0 1 1 1 0 1 0 0 0 
2 0 0 0 0 0 1 0 0 1 
1 1 0 1 1 0 0 0 1 1 
2 1 1 0 0 1 0 1 0 0 
1 0 0 2 0 0 0 0 0 1 
1 1 1 1 0 1 2 1 2 2 
1 0 0 0 1 0 1 2 2 2 
0 1 0 1 0 1 2 2 2 2 
0 1 1 0 0 1 2 2 2 2 

Iteración 88 - Representación de la matriz:
1 0 0 0 0 1 0 1 1 1 
1 0 1 1 1 0 1 0 0 0 
2 0 0 0 0 0 1 0 0 1 
1 1 0 2 1 0 0 0 1 1 
2 1 1 0 0 1 0 2 0 0 
1 0 0 2 0 0 0 1 0 1 
1 1 1 1 0 1 0 1 2 2 
1 0 0 0 1 0 1 2 2 2 
0 1 0 1 0 1 2 2 2 2 
0 1 1 0 0 1 2 2 2 2 

Iteración 89 - Representación de la matriz:
1 0 0 0 0 1 0 1 1 1 
1 0 1 1 1 0 1 0 0 0 
0 0 0 0 0 0 1 0 0 1 
1 1 0 0 1 0 0 0 1 1 
0 1 1 1 1 1 0 2 0 0 
1 0 0 0 0 0 0 1 1 1 
1 1 1 1 0 2 0 1 2 2 
1 0 0 0 1 0 1 2 2 2 
0 1 0 1 0 1 2 2 2 2 
0 1 1 0 0 1 2 2 2 2 

Iteración 90 - Representación de la matriz:
1 0 0 0 0 1 0 1 1 1 
1 0 1 1 2 0 1 0 0 0 
0 0 0 0 0 0 1 0 0 1 
2 1 0 0 1 0 0 0 1 1 
0 1 1 1 1 1 0 2 0 0 
1 0 0 0 0 0 0 1 1 1 
1 1 1 2 0 0 0 1 2 2 
1 0 0 0 1 0 1 2 2 2 
0 1 0 1 0 1 2 2 2 2 
0 1 1 0 0 1 2 2 2 2 

Iteración 91 - Representación de la matriz:
1 0 0 0 0 1 0 1 1 1 
1 0 1 1 2 0 1 0 0 0 
0 0 0 0 0 0 1 0 0 2 
2 1 0 0 1 0 0 0 1 1 
0 1 1 1 1 1 0 0 0 0 
1 0 0 0 0 0 0 1 1 1 
1 1 1 2 1 0 0 1 2 2 
1 0 0 0 1 0 2 2 2 2 
0 1 0 1 0 1 2 2 2 2 
0 1 2 0 0 1 2 2 2 2 

Iteración 92 - Representación de la matriz:
1 0 0 0 0 1 0 1 1 1 
1 0 1 1 2 0 1 0 0 0 
0 0 0 0 0 0 1 0 0 0 
0 1 0 0 1 0 0 0 1 1 
0 1 1 1 1 1 0 0 0 0 
2 0 0 0 0 0 0 1 1 2 
1 1 1 0 1 0 1 1 2 2 
1 0 0 0 1 0 2 2 2 2 
0 1 0 1 0 1 2 2 2 2 
0 1 2 1 0 1 2 2 2 2 

Iteración 93 - Representación de la matriz:
1 0 0 0 0 2 0 1 2 1 
1 0 1 1 2 0 1 0 0 0 
0 0 0 0 0 0 1 0 0 0 
0 1 0 0 1 0 0 0 1 1 
0 1 1 1 1 1 0 0 0 0 
2 0 0 0 0 0 0 2 2 0 
1 1 1 0 1 0 1 2 2 2 
2 0 0 0 1 0 2 2 2 2 
0 1 0 1 0 1 2 2 2 2 
0 1 0 1 0 1 2 2 2 2 

Iteración 94 - Representación de la matriz:
1 0 0 0 1 2 0 1 2 1 
1 0 1 1 2 1 1 0 0 1 
0 0 0 0 0 0 1 0 0 0 
0 1 0 0 1 0 0 0 1 1 
0 1 1 1 1 2 1 1 1 0 
0 0 0 0 0 0 1 0 0 1 
1 1 1 0 1 0 1 2 2 2 
0 0 0 0 1 0 2 2 2 2 
0 1 0 1 0 1 2 2 2 2 
0 1 0 1 0 1 2 2 2 2 

Iteración 95 - Representación de la matriz:
1 0 0 0 1 0 0 1 0 1 
1 0 1 1 2 1 2 0 0 1 
0 0 0 0 0 0 1 0 0 0 
0 1 0 0 1 0 0 0 1 1 
0 1 1 1 1 0 1 1 1 0 
0 0 0 0 0 0 1 0 1 1 
1 1 1 0 1 0 1 2 2 2 
0 0 0 0 1 0 2 2 2 2 
0 1 0 1 0 2 2 2 2 2 
0 1 0 1 0 1 2 2 2 2 

Iteración 96 - Representación de la matriz:
1 0 0 0 1 1 0 1 0 1 
2 0 1 1 0 1 0 0 0 1 
0 0 0 0 0 0 1 0 0 0 
0 1 0 0 1 0 0 0 1 1 
0 1 1 1 1 0 2 2 1 0 
0 0 0 0 0 0 1 0 1 1 
1 1 1 0 1 0 1 2 2 2 
0 0 0 0 1 1 2 2 2 2 
0 1 0 1 0 2 2 2 2 2 
0 1 0 1 0 1 2 2 2 2 

Iteración 97 - Representación de la matriz:
1 0 0 0 1 1 0 1 0 2 
0 0 1 1 0 1 0 0 0 1 
1 0 0 0 0 0 1 0 0 0 
0 2 0 0 1 0 1 0 1 1 
0 1 1 1 1 0 2 0 1 0 
0 0 0 0 0 0 1 1 1 1 
1 1 1 0 1 0 1 2 2 2 
0 0 0 0 1 1 2 2 2 2 
0 1 0 1 0 2 2 2 2 2 
0 1 0 2 0 1 2 2 2 2 

Iteración 98 - Representación de la matriz:
1 0 0 0 1 1 0 1 0 0 
0 0 1 1 0 1 0 0 0 1 
2 0 0 0 0 0 1 0 0 0 
0 2 0 0 1 0 1 0 1 1 
1 1 1 1 1 0 0 0 2 0 
0 0 0 0 0 0 1 1 1 1 
1 1 1 0 1 0 2 2 2 2 
0 0 0 0 1 2 2 2 2 2 
0 1 0 1 0 2 2 2 2 2 
0 1 0 2 1 1 2 2 2 2 

Iteración 99 - Representación de la matriz:
1 0 0 0 1 1 0 1 0 0 
1 0 1 1 0 1 0 0 0 1 
0 1 0 0 0 0 1 0 0 0 
1 2 0 0 1 0 1 0 1 1 
1 1 1 1 1 0 0 0 2 0 
0 0 0 0 0 0 1 1 1 1 
2 1 1 0 1 1 2 2 2 2 
0 0 0 0 1 2 2 2 2 2 
0 1 0 1 0 2 2 2 2 2 
0 2 0 2 1 1 2 2 2 2 

Iteración 100 - Representación de la matriz:
1 0 0 0 1 1 0 1 0 0 
1 0 1 1 0 1 0 0 0 1 
0 1 0 0 0 0 1 0 0 0 
1 2 0 0 1 0 1 0 1 1 
1 1 1 1 1 0 0 0 2 0 
0 0 0 0 0 0 1 1 1 1 
2 1 2 0 1 1 2 2 2 2 
0 0 0 0 1 2 2 2 2 2 
1 2 1 1 0 2 2 2 2 2 
1 0 1 0 1 2 2 2 2 2 

