20 0 0 10000 10000
20 0 0.1 10000 10000
20 0 0.2 10000 10000
20 0 0.3 10000 10000
20 0 0.4 10000 10000
20 0 0.5 10000 10000
20 0 0.6 10000 10000
20 0 0.7 10000 10000
20 0 0.8 10000 10000
20 0 0.9 10000 10000
20 0 1 10000 10000
20 0.1 0 44 101
20 0.1 0.1 44 98
20 0.1 0.2 55 92
20 0.1 0.3 61 106
20 0.1 0.4 72 141
20 0.1 0.5 131 231
20 0.1 0.6 238 437
20 0.1 0.7 461 670
20 0.1 0.8 570 784
20 0.1 0.9 1211 1497
20 0.1 1 10000 10000
20 0.2 0 24 47
20 0.2 0.1 27 54
20 0.2 0.2 27 47
20 0.2 0.3 30 58
20 0.2 0.4 29 52
20 0.2 0.5 36 70
20 0.2 0.6 52 86
20 0.2 0.7 82 144
20 0.2 0.8 168 266
20 0.2 0.9 1955 2062
20 0.2 1 2955 3080
20 0.3 0 19 37
20 0.3 0.1 19 31
20 0.3 0.2 20 38
20 0.3 0.3 19 36
20 0.3 0.4 22 41
20 0.3 0.5 25 49
20 0.3 0.6 26 43
20 0.3 0.7 40 72
20 0.3 0.8 61 87
20 0.3 0.9 60 128
20 0.3 1 634 720
20 0.4 0 17 28
20 0.4 0.1 17 32
20 0.4 0.2 18 33
20 0.4 0.3 18 33
20 0.4 0.4 18 35
20 0.4 0.5 19 35
20 0.4 0.6 18 35
20 0.4 0.7 22 40
20 0.4 0.8 30 49
20 0.4 0.9 37 74
20 0.4 1 245 316
20 0.5 0 16 29
20 0.5 0.1 16 29
20 0.5 0.2 16 34
20 0.5 0.3 16 33
20 0.5 0.4 18 32
20 0.5 0.5 18 28
20 0.5 0.6 18 33
20 0.5 0.7 19 34
20 0.5 0.8 22 46
20 0.5 0.9 29 53
20 0.5 1 47 87
20 0.6 0 15 26
20 0.6 0.1 15 25
20 0.6 0.2 15 24
20 0.6 0.3 15 28
20 0.6 0.4 15 26
20 0.6 0.5 16 27
20 0.6 0.6 17 29
20 0.6 0.7 17 28
20 0.6 0.8 19 39
20 0.6 0.9 23 47
20 0.6 1 32 64
20 0.7 0 14 23
20 0.7 0.1 14 21
20 0.7 0.2 14 22
20 0.7 0.3 14 23
20 0.7 0.4 14 23
20 0.7 0.5 14 24
20 0.7 0.6 15 25
20 0.7 0.7 16 27
20 0.7 0.8 17 30
20 0.7 0.9 19 36
20 0.7 1 31 58
20 0.8 0 13 23
20 0.8 0.1 13 22
20 0.8 0.2 13 21
20 0.8 0.3 13 22
20 0.8 0.4 14 25
20 0.8 0.5 14 24
20 0.8 0.6 15 26
20 0.8 0.7 15 23
20 0.8 0.8 16 28
20 0.8 0.9 17 34
20 0.8 1 35 66
20 0.9 0 13 21
20 0.9 0.1 13 21
20 0.9 0.2 13 21
20 0.9 0.3 13 23
20 0.9 0.4 13 21
20 0.9 0.5 14 24
20 0.9 0.6 14 25
20 0.9 0.7 15 28
20 0.9 0.8 17 31
20 0.9 0.9 25 45
20 0.9 1 43 79
20 1 0 13 19
20 1 0.1 13 19
20 1 0.2 13 21
20 1 0.3 13 19
20 1 0.4 13 21
20 1 0.5 13 23
20 1 0.6 15 24
20 1 0.7 15 26
20 1 0.8 21 35
20 1 0.9 33 61
20 1 1 51 88
40 0 0 10000 10000
40 0 0.1 10000 10000
40 0 0.2 10000 10000
40 0 0.3 10000 10000
40 0 0.4 10000 10000
40 0 0.5 10000 10000
40 0 0.6 10000 10000
40 0 0.7 10000 10000
40 0 0.8 10000 10000
40 0 0.9 10000 10000
40 0 1 10000 10000
40 0.1 0 80 140
40 0.1 0.1 92 155
40 0.1 0.2 84 144
40 0.1 0.3 96 166
40 0.1 0.4 117 245
40 0.1 0.5 168 329
40 0.1 0.6 380 620
40 0.1 0.7 790 1258
40 0.1 0.8 4990 5417
40 0.1 0.9 1012 1567
40 0.1 1 10000 10000
40 0.2 0 48 86
40 0.2 0.1 56 93
40 0.2 0.2 54 100
40 0.2 0.3 51 97
40 0.2 0.4 53 89
40 0.2 0.5 58 125
40 0.2 0.6 64 138
40 0.2 0.7 99 158
40 0.2 0.8 180 374
40 0.2 0.9 323 546
40 0.2 1 5819 6108
40 0.3 0 41 68
40 0.3 0.1 42 76
40 0.3 0.2 41 72
40 0.3 0.3 41 68
40 0.3 0.4 41 79
40 0.3 0.5 42 77
40 0.3 0.6 45 77
40 0.3 0.7 50 105
40 0.3 0.8 66 107
40 0.3 0.9 101 184
40 0.3 1 383 568
40 0.4 0 36 60
40 0.4 0.1 36 65
40 0.4 0.2 36 65
40 0.4 0.3 34 57
40 0.4 0.4 35 61
40 0.4 0.5 36 61
40 0.4 0.6 38 72
40 0.4 0.7 37 70
40 0.4 0.8 43 82
40 0.4 0.9 54 107
40 0.4 1 174 262
40 0.5 0 33 54
40 0.5 0.1 33 54
40 0.5 0.2 32 52
40 0.5 0.3 32 53
40 0.5 0.4 32 51
40 0.5 0.5 34 59
40 0.5 0.6 36 60
40 0.5 0.7 35 59
40 0.5 0.8 37 63
40 0.5 0.9 42 98
40 0.5 1 68 133
40 0.6 0 30 46
40 0.6 0.1 30 47
40 0.6 0.2 30 47
40 0.6 0.3 31 53
40 0.6 0.4 31 49
40 0.6 0.5 31 51
40 0.6 0.6 31 53
40 0.6 0.7 32 55
40 0.6 0.8 33 55
40 0.6 0.9 37 62
40 0.6 1 58 105
40 0.7 0 29 46
40 0.7 0.1 29 47
40 0.7 0.2 29 47
40 0.7 0.3 29 48
40 0.7 0.4 30 47
40 0.7 0.5 29 49
40 0.7 0.6 29 45
40 0.7 0.7 30 51
40 0.7 0.8 31 52
40 0.7 0.9 34 57
40 0.7 1 46 88
40 0.8 0 28 42
40 0.8 0.1 28 45
40 0.8 0.2 28 44
40 0.8 0.3 28 44
40 0.8 0.4 28 45
40 0.8 0.5 28 43
40 0.8 0.6 28 46
40 0.8 0.7 29 48
40 0.8 0.8 30 55
40 0.8 0.9 35 58
40 0.8 1 41 85
40 0.9 0 27 41
40 0.9 0.1 27 41
40 0.9 0.2 27 42
40 0.9 0.3 27 41
40 0.9 0.4 27 41
40 0.9 0.5 28 43
40 0.9 0.6 28 45
40 0.9 0.7 29 49
40 0.9 0.8 31 50
40 0.9 0.9 35 58
40 0.9 1 57 103
40 1 0 27 39
40 1 0.1 27 40
40 1 0.2 27 41
40 1 0.3 27 39
40 1 0.4 27 41
40 1 0.5 27 43
40 1 0.6 28 43
40 1 0.7 29 47
40 1 0.8 33 57
40 1 0.9 61 95
40 1 1 111 188
60 0 0 10000 10000
60 0 0.1 10000 10000
60 0 0.2 10000 10000
60 0 0.3 10000 10000
60 0 0.4 10000 10000
60 0 0.5 10000 10000
60 0 0.6 10000 10000
60 0 0.7 10000 10000
60 0 0.8 10000 10000
60 0 0.9 10000 10000
60 0 1 10000 10000
60 0.1 0 127 222
60 0.1 0.1 111 228
60 0.1 0.2 119 211
60 0.1 0.3 124 234
60 0.1 0.4 146 279
60 0.1 0.5 210 372
60 0.1 0.6 331 584
60 0.1 0.7 999 1329
60 0.1 0.8 1056 1538
60 0.1 0.9 1580 2477
60 0.1 1 10000 10000
60 0.2 0 78 134
60 0.2 0.1 74 121
60 0.2 0.2 77 134
60 0.2 0.3 74 131
60 0.2 0.4 76 132
60 0.2 0.5 79 141
60 0.2 0.6 88 167
60 0.2 0.7 126 235
60 0.2 0.8 234 376
60 0.2 0.9 343 669
60 0.2 1 2469 2848
60 0.3 0 61 110
60 0.3 0.1 62 109
60 0.3 0.2 61 107
60 0.3 0.3 64 108
60 0.3 0.4 60 105
60 0.3 0.5 63 113
60 0.3 0.6 62 108
60 0.3 0.7 73 124
60 0.3 0.8 75 170
60 0.3 0.9 176 303
60 0.3 1 223 497
60 0.4 0 52 83
60 0.4 0.1 52 87
60 0.4 0.2 53 89
60 0.4 0.3 53 95
60 0.4 0.4 54 85
60 0.4 0.5 55 97
60 0.4 0.6 54 93
60 0.4 0.7 58 101
60 0.4 0.8 62 109
60 0.4 0.9 81 152
60 0.4 1 115 210
60 0.5 0 49 79
60 0.5 0.1 50 80
60 0.5 0.2 48 85
60 0.5 0.3 49 79
60 0.5 0.4 49 82
60 0.5 0.5 50 86
60 0.5 0.6 50 83
60 0.5 0.7 50 90
60 0.5 0.8 53 91
60 0.5 0.9 58 102
60 0.5 1 97 161
60 0.6 0 47 76
60 0.6 0.1 46 74
60 0.6 0.2 46 74
60 0.6 0.3 46 76
60 0.6 0.4 45 72
60 0.6 0.5 47 74
60 0.6 0.6 46 75
60 0.6 0.7 47 80
60 0.6 0.8 47 80
60 0.6 0.9 52 89
60 0.6 1 69 128
60 0.7 0 44 67
60 0.7 0.1 44 68
60 0.7 0.2 44 70
60 0.7 0.3 44 68
60 0.7 0.4 44 70
60 0.7 0.5 45 72
60 0.7 0.6 45 69
60 0.7 0.7 45 71
60 0.7 0.8 46 74
60 0.7 0.9 48 86
60 0.7 1 57 109
60 0.8 0 43 66
60 0.8 0.1 43 66
60 0.8 0.2 43 67
60 0.8 0.3 43 65
60 0.8 0.4 43 65
60 0.8 0.5 43 64
60 0.8 0.6 43 67
60 0.8 0.7 44 67
60 0.8 0.8 45 71
60 0.8 0.9 46 77
60 0.8 1 53 96
60 0.9 0 42 64
60 0.9 0.1 42 61
60 0.9 0.2 41 63
60 0.9 0.3 41 63
60 0.9 0.4 42 63
60 0.9 0.5 42 63
60 0.9 0.6 42 68
60 0.9 0.7 43 69
60 0.9 0.8 43 71
60 0.9 0.9 49 79
60 0.9 1 81 142
60 1 0 41 59
60 1 0.1 41 59
60 1 0.2 41 59
60 1 0.3 41 60
60 1 0.4 41 60
60 1 0.5 41 63
60 1 0.6 42 65
60 1 0.7 44 67
60 1 0.8 49 77
60 1 0.9 73 115
60 1 1 171 288
80 0 0 10000 10000
80 0 0.1 10000 10000
80 0 0.2 10000 10000
80 0 0.3 10000 10000
80 0 0.4 10000 10000
80 0 0.5 10000 10000
80 0 0.6 10000 10000
80 0 0.7 10000 10000
80 0 0.8 10000 10000
80 0 0.9 10000 10000
80 0 1 10000 10000
80 0.1 0 154 266
80 0.1 0.1 154 269
80 0.1 0.2 162 279
80 0.1 0.3 160 274
80 0.1 0.4 189 316
80 0.1 0.5 220 449
80 0.1 0.6 369 799
80 0.1 0.7 651 967
80 0.1 0.8 1711 2613
80 0.1 0.9 3234 4457
80 0.1 1 10000 10000
80 0.2 0 91 170
80 0.2 0.1 97 168
80 0.2 0.2 96 164
80 0.2 0.3 93 166
80 0.2 0.4 99 185
80 0.2 0.5 100 183
80 0.2 0.6 111 207
80 0.2 0.7 142 309
80 0.2 0.8 172 388
80 0.2 0.9 568 996
80 0.2 1 1250 1841
80 0.3 0 78 135
80 0.3 0.1 77 125
80 0.3 0.2 79 134
80 0.3 0.3 81 133
80 0.3 0.4 80 128
80 0.3 0.5 81 141
80 0.3 0.6 82 143
80 0.3 0.7 90 161
80 0.3 0.8 99 185
80 0.3 0.9 145 293
80 0.3 1 474 777
80 0.4 0 68 109
80 0.4 0.1 71 114
80 0.4 0.2 70 117
80 0.4 0.3 69 116
80 0.4 0.4 69 117
80 0.4 0.5 70 118
80 0.4 0.6 73 119
80 0.4 0.7 74 130
80 0.4 0.8 80 139
80 0.4 0.9 94 166
80 0.4 1 153 304
80 0.5 0 64 105
80 0.5 0.1 66 104
80 0.5 0.2 66 108
80 0.5 0.3 65 105
80 0.5 0.4 63 104
80 0.5 0.5 65 108
80 0.5 0.6 66 105
80 0.5 0.7 66 107
80 0.5 0.8 70 114
80 0.5 0.9 74 127
80 0.5 1 112 177
80 0.6 0 61 97
80 0.6 0.1 62 97
80 0.6 0.2 61 97
80 0.6 0.3 61 97
80 0.6 0.4 61 97
80 0.6 0.5 62 102
80 0.6 0.6 61 98
80 0.6 0.7 63 104
80 0.6 0.8 64 101
80 0.6 0.9 66 112
80 0.6 1 79 129
80 0.7 0 59 89
80 0.7 0.1 59 95
80 0.7 0.2 59 90
80 0.7 0.3 59 91
80 0.7 0.4 59 94
80 0.7 0.5 59 92
80 0.7 0.6 59 91
80 0.7 0.7 60 94
80 0.7 0.8 61 101
80 0.7 0.9 63 104
80 0.7 1 72 122
80 0.8 0 57 88
80 0.8 0.1 58 88
80 0.8 0.2 57 88
80 0.8 0.3 57 90
80 0.8 0.4 57 88
80 0.8 0.5 57 90
80 0.8 0.6 57 89
80 0.8 0.7 59 91
80 0.8 0.8 59 90
80 0.8 0.9 61 97
80 0.8 1 68 113
80 0.9 0 56 83
80 0.9 0.1 56 82
80 0.9 0.2 56 84
80 0.9 0.3 56 85
80 0.9 0.4 56 85
80 0.9 0.5 56 87
80 0.9 0.6 56 85
80 0.9 0.7 57 89
80 0.9 0.8 59 90
80 0.9 0.9 63 102
80 0.9 1 85 137
80 1 0 55 79
80 1 0.1 55 81
80 1 0.2 55 79
80 1 0.3 55 80
80 1 0.4 55 80
80 1 0.5 55 83
80 1 0.6 56 83
80 1 0.7 57 87
80 1 0.8 61 97
80 1 0.9 83 133
80 1 1 231 388
100 0 0 10000 10000
100 0 0.1 10000 10000
100 0 0.2 10000 10000
100 0 0.3 10000 10000
100 0 0.4 10000 10000
100 0 0.5 10000 10000
100 0 0.6 10000 10000
100 0 0.7 10000 10000
100 0 0.8 10000 10000
100 0 0.9 10000 10000
100 0 1 10000 10000
100 0.1 0 199 341
100 0.1 0.1 187 347
100 0.1 0.2 189 326
100 0.1 0.3 183 341
100 0.1 0.4 216 363
100 0.1 0.5 267 498
100 0.1 0.6 380 661
100 0.1 0.7 840 1556
100 0.1 0.8 1520 2490
100 0.1 0.9 4314 5503
100 0.1 1 10000 10000
100 0.2 0 118 214
100 0.2 0.1 123 211
100 0.2 0.2 122 201
100 0.2 0.3 118 219
100 0.2 0.4 121 209
100 0.2 0.5 127 216
100 0.2 0.6 139 241
100 0.2 0.7 166 296
100 0.2 0.8 222 379
100 0.2 0.9 519 920
100 0.2 1 701 1358
100 0.3 0 99 166
100 0.3 0.1 100 168
100 0.3 0.2 96 160
100 0.3 0.3 97 169
100 0.3 0.4 101 162
100 0.3 0.5 102 178
100 0.3 0.6 104 175
100 0.3 0.7 109 193
100 0.3 0.8 118 222
100 0.3 0.9 175 328
100 0.3 1 445 794
100 0.4 0 87 141
100 0.4 0.1 87 147
100 0.4 0.2 88 148
100 0.4 0.3 90 150
100 0.4 0.4 87 145
100 0.4 0.5 88 144
100 0.4 0.6 88 145
100 0.4 0.7 92 154
100 0.4 0.8 94 167
100 0.4 0.9 108 206
100 0.4 1 174 284
100 0.5 0 81 129
100 0.5 0.1 81 127
100 0.5 0.2 80 131
100 0.5 0.3 81 131
100 0.5 0.4 82 137
100 0.5 0.5 81 134
100 0.5 0.6 82 136
100 0.5 0.7 81 139
100 0.5 0.8 84 138
100 0.5 0.9 91 162
100 0.5 1 117 219
100 0.6 0 76 126
100 0.6 0.1 77 120
100 0.6 0.2 77 123
100 0.6 0.3 76 122
100 0.6 0.4 77 121
100 0.6 0.5 77 122
100 0.6 0.6 78 121
100 0.6 0.7 78 127
100 0.6 0.8 79 134
100 0.6 0.9 81 135
100 0.6 1 91 174
100 0.7 0 73 116
100 0.7 0.1 74 113
100 0.7 0.2 73 115
100 0.7 0.3 74 113
100 0.7 0.4 73 116
100 0.7 0.5 73 116
100 0.7 0.6 75 119
100 0.7 0.7 75 118
100 0.7 0.8 76 123
100 0.7 0.9 78 126
100 0.7 1 86 155
100 0.8 0 72 111
100 0.8 0.1 72 109
100 0.8 0.2 71 110
100 0.8 0.3 72 109
100 0.8 0.4 72 109
100 0.8 0.5 72 109
100 0.8 0.6 72 113
100 0.8 0.7 73 114
100 0.8 0.8 73 113
100 0.8 0.9 76 119
100 0.8 1 84 144
100 0.9 0 70 103
100 0.9 0.1 70 103
100 0.9 0.2 70 105
100 0.9 0.3 70 104
100 0.9 0.4 70 105
100 0.9 0.5 70 106
100 0.9 0.6 71 105
100 0.9 0.7 71 110
100 0.9 0.8 73 110
100 0.9 0.9 77 123
100 0.9 1 97 171
100 1 0 69 99
100 1 0.1 69 99
100 1 0.2 69 100
100 1 0.3 69 101
100 1 0.4 69 101
100 1 0.5 69 103
100 1 0.6 70 103
100 1 0.7 71 107
100 1 0.8 75 117
100 1 0.9 95 155
100 1 1 291 488
