1599 0 1
1592 8 0
1592 5 3
1586 13 1
1586 12 2
1581 17 2
1578 17 5
1574 20 6
1562 35 3
1563 28 9
1559 32 9
1558 32 10
1545 48 7
1543 41 16
1528 62 10
1524 64 12
1516 64 20
1511 73 16
1503 81 16
1511 75 14
1498 85 17
1490 93 17
1482 104 14
1478 103 19
1468 105 27
1447 140 13
1443 125 32
1431 149 20
1422 147 31
1408 162 30
1394 174 32
1383 172 45
1373 181 46
1351 203 46
1350 215 35
1348 215 37
1332 214 54
1313 233 54
1283 263 54
1284 263 53
1275 255 70
1241 294 65
1240 307 53
1238 295 67
1219 307 74
1191 346 63
1183 345 72
1164 359 77
1156 364 80
1128 390 82
1104 415 81
1103 396 101
1052 457 91
1054 450 96
1042 444 114
1014 494 92
1001 495 104
985 526 89
976 511 113
969 520 111
968 506 126
959 539 102
946 533 121
947 556 97
956 529 115
952 504 144
909 571 120
900 570 130
879 597 124
890 569 141
866 600 134
880 594 126
909 557 134
876 588 136
888 545 167
878 616 106
895 569 136
914 541 145
901 575 124
886 587 127
894 587 119
884 586 130
902 559 139
899 578 123
889 580 131
903 583 114
921 550 129
909 548 143
914 563 123
897 593 110
921 547 132
908 573 119
883 578 139
888 606 106
904 556 140
884 587 129
889 588 123
871 594 135
875 601 124
893 573 134
893 562 145
884 593 123
902 546 152
908 548 144
886 595 119
910 565 125
910 551 139
898 577 125
912 545 143
896 592 112
901 583 116
911 547 142
903 565 132
898 575 127
890 585 125
875 602 123
880 585 135
872 602 126
892 586 122
915 553 132
890 571 139
882 592 126
904 549 147
893 583 124
882 584 134
888 581 131
896 605 99
908 553 139
896 584 120
895 570 135
881 592 127
878 595 127
903 556 141
887 589 124
884 575 141
899 584 117
899 578 123
897 566 137
908 564 128
887 593 120
891 579 130
893 598 109
909 549 142
913 566 121
884 598 118
890 568 142
902 575 123
903 566 131
896 574 130
880 577 143
869 585 146
877 594 129
881 590 129
886 578 136
870 594 136
882 579 139
870 577 153
882 575 143
878 573 149
874 595 131
892 592 116
895 585 120
913 555 132
878 611 111
893 561 146
898 579 123
902 564 134
892 591 117
890 583 127
896 593 111
920 548 132
906 567 127
891 582 127
888 572 140
877 579 144
877 597 126
866 602 132
871 615 114
898 564 138
898 588 114
908 562 130
922 565 113
896 579 125
888 585 127
887 582 131
878 588 134
886 587 127
890 584 126
897 573 130
907 569 124
921 552 127
912 578 110
898 576 126
890 583 127
898 571 131
912 564 124
894 583 123
909 550 141
913 570 117
899 568 133
889 578 133
888 567 145
892 575 133
892 566 142
874 590 136
893 560 147
900 585 115
906 566 128
919 558 123
909 581 110
921 540 139
901 577 122
904 566 130
904 557 139
899 574 127
903 570 127
885 581 134
876 584 140
862 601 137
887 577 136
896 557 147
884 608 108
891 569 140
883 583 134
887 582 131
892 588 120
917 560 123
897 565 138
878 589 133
866 611 123
880 585 135
879 577 144
874 600 126
866 616 118
900 548 152
882 594 124
886 578 136
885 581 134
892 557 151
901 575 124
890 594 116
896 571 133
905 585 110
901 573 126
924 567 109
945 527 128
908 572 120
894 589 117
899 576 125
904 572 124
901 572 127
899 582 119
923 538 139
904 568 128
913 564 123
924 554 122
911 566 123
917 569 114
937 536 127
901 563 136
898 579 123
883 577 140
900 565 135
892 596 112
896 561 143
905 573 122
904 565 131
906 571 123
906 588 106
922 555 123
910 579 111
896 588 116
917 563 120
920 554 126
908 556 136
898 576 126
871 602 127
877 600 123
880 576 144
885 569 146
882 585 133
884 574 142
914 561 125
929 541 130
928 537 135
893 582 125
889 592 119
889 569 142
894 588 118
911 547 142
891 591 118
887 587 126
881 592 127
894 571 135
883 573 144
889 600 111
907 551 142
908 581 111
901 561 138
899 562 139
899 583 118
893 574 133
897 568 135
912 548 140
900 590 110
905 548 147
895 580 125
904 561 135
905 566 129
885 580 135
890 584 126
903 568 129
898 582 120
897 591 112
917 558 125
909 544 147
880 596 124
886 579 135
881 598 121
882 583 135
899 580 121
891 573 136
896 578 126
898 588 114
912 560 128
901 571 128
890 591 119
893 566 141
866 624 110
894 570 136
882 595 123
880 589 131
890 585 125
896 571 133
885 593 122
894 598 108
913 575 112
893 570 137
879 611 110
907 572 121
922 555 123
895 584 121
885 610 105
909 562 129
890 584 126
879 600 121
886 558 156
854 609 137
875 601 124
911 568 121
911 556 133
905 574 121
896 585 119
919 545 136
898 582 120
899 580 121
887 578 135
906 552 142
894 573 133
889 571 140
883 604 113
914 569 117
919 559 122
913 564 123
904 569 127
916 560 124
911 564 125
889 570 141
882 583 135
870 558 172
844 600 156
852 617 131
864 625 111
913 552 135
928 550 122
922 548 130
897 570 133
891 586 123
914 574 112
906 555 139
886 587 127
896 590 114
892 580 128
893 579 128
881 583 136
869 599 132
879 590 131
894 573 133
894 563 143
880 579 141
877 585 138
859 611 130
883 579 138
868 611 121
879 593 128
908 553 139
914 541 145
897 578 125
873 600 127
876 569 155
866 601 133
875 568 157
873 587 140
854 598 148
860 595 145
872 597 131
902 563 135
897 556 147
853 624 123
878 554 168
869 597 134
876 584 140
882 576 142
902 566 132
913 546 141
905 560 135
897 572 131
900 562 138
887 594 119
897 561 142
901 577 122
912 551 137
912 554 134
899 559 142
880 559 161
870 595 135
884 587 129
911 544 145
874 595 131
872 579 149
880 586 134
893 563 144
886 578 136
883 556 161
861 580 159
857 574 169
861 582 157
888 550 162
878 572 150
880 565 155
876 576 148
868 577 155
869 574 157
863 577 160
856 581 163
847 586 167
843 585 172
857 576 167
838 570 192
843 558 199
832 588 180
833 584 183
829 570 201
826 583 191
844 567 189
844 567 189
846 581 173
840 557 203
834 571 195
842 556 202
834 570 196
825 585 190
831 574 195
829 560 211
842 531 227
832 571 197
847 550 203
869 498 233
832 570 198
823 538 239
810 576 214
823 548 229
821 534 245
805 552 243
811 554 235
829 533 238
804 561 235
803 548 249
820 522 258
823 536 241
815 536 249
803 549 248
791 539 270
786 557 257
800 524 276
786 540 274
810 520 270
801 518 281
776 526 298
773 512 315
764 526 310
765 532 303
772 515 313
752 517 331
748 525 327
770 507 323
753 512 335
729 533 338
741 525 334
752 495 353
754 505 341
753 492 355
727 535 338
748 502 350
755 483 362
723 523 354
730 489 381
732 513 355
715 505 380
730 469 401
733 488 379
742 446 412
710 500 390
727 472 401
745 441 414
729 454 417
687 503 410
678 480 442
666 499 435
688 456 456
678 470 452
666 482 452
668 471 461
669 453 478
667 476 457
670 459 471
664 467 469
665 458 477
660 460 480
657 443 500
654 473 473
662 441 497
663 446 491
648 436 516
639 444 517
628 452 520
639 448 513
640 448 512
639 427 534
636 431 533
630 421 549
616 443 541
615 416 569
605 418 577
597 430 573
592 416 592
588 440 572
597 390 613
572 438 590
578 389 633
572 397 631
562 400 638
552 410 638
560 409 631
547 418 635
542 393 665
534 403 663
518 417 665
542 380 678
538 399 663
553 366 681
536 384 680
527 392 681
520 389 691
535 359 706
519 382 699
521 368 711
526 376 698
529 358 713
527 349 724
505 362 733
487 391 722
505 351 744
503 350 747
500 349 751
488 357 755
491 350 759
482 358 760
490 338 772
479 344 777
477 337 786
452 364 784
473 310 817
441 358 801
446 331 823
421 352 827
434 320 846
422 319 859
420 317 863
406 330 864
412 325 863
423 314 863
413 312 875
414 293 893
404 303 893
400 301 899
397 289 914
386 280 934
375 301 924
374 289 937
386 267 947
359 283 958
351 285 964
353 285 962
361 273 966
360 262 978
356 262 982
354 270 976
352 258 990
358 246 996
343 258 999
350 249 1001
350 245 1005
354 240 1006
352 234 1014
345 234 1021
329 248 1023
331 226 1043
314 256 1030
311 251 1038
321 224 1055
314 221 1065
314 225 1061
312 217 1071
308 211 1081
315 215 1070
308 219 1073
307 221 1072
310 210 1080
298 227 1075
312 202 1086
299 220 1081
299 212 1089
296 208 1096
302 200 1098
296 210 1094
300 196 1104
289 201 1110
264 235 1101
271 210 1119
272 211 1117
275 182 1143
262 210 1128
272 185 1143
270 200 1130
271 189 1140
264 188 1148
260 182 1158
272 163 1165
247 194 1159
244 199 1157
249 184 1167
249 181 1170
247 192 1161
254 173 1173
239 191 1170
243 189 1168
238 180 1182
234 179 1187
228 193 1179
229 177 1194
232 175 1193
222 188 1190
229 172 1199
226 166 1208
214 169 1217
214 181 1205
221 163 1216
215 175 1210
223 164 1213
223 159 1218
224 161 1215
220 161 1219
216 152 1232
214 162 1224
208 161 1231
205 163 1232
206 145 1249
196 157 1247
190 165 1245
197 147 1256
190 152 1258
194 139 1267
188 138 1274
187 141 1272
183 142 1275
176 137 1287
170 147 1283
165 144 1291
169 133 1298
173 138 1289
178 123 1299
172 127 1301
167 120 1313
163 134 1303
162 123 1315
158 112 1330
149 122 1329
146 118 1336
136 131 1333
147 114 1339
139 121 1340
136 111 1353
132 117 1351
139 110 1351
136 107 1357
124 112 1364
125 107 1368
127 112 1361
127 96 1377
123 110 1367
122 103 1375
109 117 1374
120 98 1382
117 93 1390
119 95 1386
115 94 1391
112 92 1396
107 98 1395
105 89 1406
102 88 1410
100 85 1415
98 82 1420
90 86 1424
88 83 1429
84 74 1442
81 83 1436
75 81 1444
76 70 1454
69 72 1459
69 67 1464
64 56 1480
56 61 1483
52 56 1492
53 54 1493
48 54 1498
52 48 1500
48 49 1503
48 46 1506
49 43 1508
45 43 1512
41 49 1510
42 44 1514
37 41 1522
33 46 1521
33 41 1526
27 47 1526
27 41 1532
25 38 1537
24 34 1542
23 38 1539
24 32 1544
24 27 1549
23 28 1549
21 27 1552
19 26 1555
17 27 1556
17 21 1562
18 16 1566
15 24 1561
14 21 1565
15 17 1568
13 18 1569
11 17 1572
11 16 1573
10 14 1576
9 12 1579
10 13 1577
7 15 1578
7 9 1584
5 12 1583
5 9 1586
5 11 1584
4 10 1586
4 6 1590
5 7 1588
4 9 1587
4 8 1588
4 6 1590
5 7 1588
4 8 1588
4 5 1591
4 5 1591
3 6 1591
3 4 1593
3 5 1592
3 5 1592
2 6 1592
2 5 1593
2 4 1594
2 4 1594
2 4 1594
2 3 1595
1 2 1597
0 3 1597
0 3 1597
0 3 1597
0 2 1598
0 0 1600
0 0 1600
0 0 1600
0 0 1600
0 0 1600
0 0 1600
0 0 1600
0 0 1600
0 0 1600
0 0 1600
0 0 1600
0 0 1600
0 0 1600
0 0 1600
0 0 1600
0 0 1600
0 0 1600
0 0 1600
0 0 1600
0 0 1600
0 0 1600
0 0 1600
0 0 1600
0 0 1600
0 0 1600
0 0 1600
0 0 1600
0 0 1600
0 0 1600
0 0 1600
0 0 1600
0 0 1600
0 0 1600
0 0 1600
0 0 1600
0 0 1600
0 0 1600
0 0 1600
0 0 1600
0 0 1600
0 0 1600
0 0 1600
0 0 1600
0 0 1600
0 0 1600
0 0 1600
0 0 1600
0 0 1600
0 0 1600
0 0 1600
0 0 1600
0 0 1600
0 0 1600
0 0 1600
0 0 1600
0 0 1600
0 0 1600
0 0 1600
0 0 1600
0 0 1600
0 0 1600
0 0 1600
0 0 1600
0 0 1600
0 0 1600
0 0 1600
0 0 1600
0 0 1600
0 0 1600
0 0 1600
0 0 1600
0 0 1600
0 0 1600
0 0 1600
0 0 1600
0 0 1600
0 0 1600
0 0 1600
0 0 1600
0 0 1600
0 0 1600
0 0 1600
0 0 1600
0 0 1600
0 0 1600
0 0 1600
0 0 1600
0 0 1600
0 0 1600
0 0 1600
0 0 1600
0 0 1600
0 0 1600
0 0 1600
0 0 1600
0 0 1600
0 0 1600
0 0 1600
0 0 1600
0 0 1600
0 0 1600
0 0 1600
0 0 1600
0 0 1600
0 0 1600
0 0 1600
0 0 1600
0 0 1600
0 0 1600
0 0 1600
0 0 1600
0 0 1600
0 0 1600
0 0 1600
0 0 1600
0 0 1600
0 0 1600
0 0 1600
0 0 1600
0 0 1600
0 0 1600
0 0 1600
0 0 1600
0 0 1600
0 0 1600
0 0 1600
0 0 1600
0 0 1600
0 0 1600
0 0 1600
0 0 1600
0 0 1600
0 0 1600
0 0 1600
0 0 1600
0 0 1600
0 0 1600
0 0 1600
0 0 1600
0 0 1600
0 0 1600
0 0 1600
0 0 1600
0 0 1600
0 0 1600
0 0 1600
0 0 1600
0 0 1600
0 0 1600
0 0 1600
0 0 1600
0 0 1600
0 0 1600
0 0 1600
0 0 1600
0 0 1600
0 0 1600
0 0 1600
0 0 1600
0 0 1600
0 0 1600
0 0 1600
0 0 1600
0 0 1600
0 0 1600
0 0 1600
0 0 1600
0 0 1600
0 0 1600
0 0 1600
0 0 1600
0 0 1600
0 0 1600
0 0 1600
0 0 1600
0 0 1600
0 0 1600
0 0 1600
0 0 1600
0 0 1600
0 0 1600
0 0 1600
0 0 1600
0 0 1600
0 0 1600
0 0 1600
0 0 1600
0 0 1600
0 0 1600
0 0 1600
0 0 1600
0 0 1600
0 0 1600
0 0 1600
0 0 1600
0 0 1600
0 0 1600
0 0 1600
0 0 1600
0 0 1600
0 0 1600
0 0 1600
0 0 1600
0 0 1600
0 0 1600
0 0 1600
0 0 1600
0 0 1600
0 0 1600
0 0 1600
0 0 1600
0 0 1600
0 0 1600
0 0 1600
0 0 1600
0 0 1600
0 0 1600
0 0 1600
0 0 1600
0 0 1600
0 0 1600
0 0 1600
0 0 1600
0 0 1600
0 0 1600
0 0 1600
0 0 1600
0 0 1600
0 0 1600
0 0 1600
0 0 1600
0 0 1600
0 0 1600
0 0 1600
0 0 1600
0 0 1600
0 0 1600
0 0 1600
0 0 1600
0 0 1600
0 0 1600
0 0 1600
0 0 1600
0 0 1600
0 0 1600
0 0 1600
0 0 1600
0 0 1600
0 0 1600
0 0 1600
0 0 1600
0 0 1600
0 0 1600
0 0 1600
0 0 1600
0 0 1600
0 0 1600
0 0 1600
0 0 1600
0 0 1600
0 0 1600
0 0 1600
0 0 1600
0 0 1600
0 0 1600
0 0 1600
0 0 1600
0 0 1600
0 0 1600
0 0 1600
0 0 1600
0 0 1600
0 0 1600
0 0 1600
0 0 1600
0 0 1600
0 0 1600
0 0 1600
0 0 1600
0 0 1600
0 0 1600
0 0 1600
0 0 1600
0 0 1600
0 0 1600
0 0 1600
0 0 1600
0 0 1600
0 0 1600
0 0 1600
0 0 1600
0 0 1600
0 0 1600
0 0 1600
0 0 1600
0 0 1600
0 0 1600
0 0 1600
0 0 1600
0 0 1600
0 0 1600
0 0 1600
0 0 1600
0 0 1600
0 0 1600
0 0 1600
0 0 1600
0 0 1600
0 0 1600
0 0 1600
0 0 1600
0 0 1600
0 0 1600
0 0 1600
0 0 1600
0 0 1600
0 0 1600
0 0 1600
0 0 1600
0 0 1600
0 0 1600
0 0 1600
0 0 1600
0 0 1600
0 0 1600
0 0 1600
0 0 1600
0 0 1600
0 0 1600
0 0 1600
0 0 1600
0 0 1600
0 0 1600
0 0 1600
0 0 1600
0 0 1600
0 0 1600
0 0 1600
0 0 1600
0 0 1600
0 0 1600
0 0 1600
0 0 1600
0 0 1600
0 0 1600
0 0 1600
0 0 1600
0 0 1600
0 0 1600
0 0 1600
0 0 1600
0 0 1600
0 0 1600
0 0 1600
0 0 1600
0 0 1600
0 0 1600
0 0 1600
0 0 1600
0 0 1600
0 0 1600
0 0 1600
0 0 1600
0 0 1600
0 0 1600
0 0 1600
0 0 1600
0 0 1600
0 0 1600
0 0 1600
0 0 1600
0 0 1600
0 0 1600
0 0 1600
0 0 1600
0 0 1600
0 0 1600
0 0 1600
0 0 1600
0 0 1600
0 0 1600
0 0 1600
0 0 1600
0 0 1600
0 0 1600
0 0 1600
0 0 1600
0 0 1600
0 0 1600
0 0 1600
0 0 1600
0 0 1600
0 0 1600
0 0 1600
0 0 1600
0 0 1600
0 0 1600
0 0 1600
0 0 1600
0 0 1600
0 0 1600
0 0 1600
0 0 1600
0 0 1600
0 0 1600
0 0 1600
0 0 1600
0 0 1600
0 0 1600
0 0 1600
0 0 1600
0 0 1600
0 0 1600
0 0 1600
0 0 1600
0 0 1600
0 0 1600
0 0 1600
0 0 1600
0 0 1600
0 0 1600
0 0 1600
0 0 1600
0 0 1600
0 0 1600
0 0 1600
0 0 1600
0 0 1600
0 0 1600
0 0 1600
0 0 1600
0 0 1600
0 0 1600
0 0 1600
0 0 1600
0 0 1600
0 0 1600
0 0 1600
0 0 1600
0 0 1600
0 0 1600
0 0 1600
0 0 1600
0 0 1600
0 0 1600
0 0 1600
0 0 1600
0 0 1600
0 0 1600
0 0 1600
0 0 1600
0 0 1600
0 0 1600
0 0 1600
0 0 1600
0 0 1600
0 0 1600
0 0 1600
0 0 1600
0 0 1600
0 0 1600
0 0 1600
0 0 1600
0 0 1600
0 0 1600
0 0 1600
0 0 1600
0 0 1600
0 0 1600
0 0 1600
0 0 1600
0 0 1600
0 0 1600
0 0 1600
0 0 1600
0 0 1600
0 0 1600
0 0 1600
0 0 1600
0 0 1600
0 0 1600
0 0 1600
0 0 1600
0 0 1600
0 0 1600
0 0 1600
0 0 1600
0 0 1600
0 0 1600
0 0 1600
0 0 1600
0 0 1600
0 0 1600
0 0 1600
0 0 1600
0 0 1600
0 0 1600
0 0 1600
0 0 1600
0 0 1600
0 0 1600
0 0 1600
0 0 1600
0 0 1600
0 0 1600
0 0 1600
0 0 1600
0 0 1600
0 0 1600
0 0 1600
0 0 1600
0 0 1600
0 0 1600
0 0 1600
0 0 1600
0 0 1600
0 0 1600
0 0 1600
0 0 1600
0 0 1600
0 0 1600
0 0 1600
0 0 1600
0 0 1600
0 0 1600
0 0 1600
0 0 1600
0 0 1600
0 0 1600
0 0 1600
0 0 1600
0 0 1600
0 0 1600
0 0 1600
0 0 1600
0 0 1600
0 0 1600
0 0 1600
0 0 1600
0 0 1600
0 0 1600
0 0 1600
0 0 1600
0 0 1600
0 0 1600
0 0 1600
0 0 1600
0 0 1600
0 0 1600
0 0 1600
0 0 1600
0 0 1600
0 0 1600
0 0 1600
0 0 1600
0 0 1600
0 0 1600
0 0 1600
0 0 1600
0 0 1600
0 0 1600
0 0 1600
0 0 1600
0 0 1600
0 0 1600
0 0 1600
0 0 1600
0 0 1600
0 0 1600
0 0 1600
0 0 1600
0 0 1600
0 0 1600
0 0 1600
0 0 1600
0 0 1600
0 0 1600
0 0 1600
0 0 1600
0 0 1600
0 0 1600
0 0 1600
0 0 1600
0 0 1600
0 0 1600
0 0 1600
0 0 1600
0 0 1600
0 0 1600
0 0 1600
0 0 1600
0 0 1600
0 0 1600
0 0 1600
0 0 1600
0 0 1600
0 0 1600
0 0 1600
0 0 1600
0 0 1600
0 0 1600
0 0 1600
0 0 1600
0 0 1600
0 0 1600
0 0 1600
0 0 1600
0 0 1600
0 0 1600
0 0 1600
0 0 1600
0 0 1600
0 0 1600
0 0 1600
0 0 1600
0 0 1600
0 0 1600
0 0 1600
0 0 1600
0 0 1600
0 0 1600
0 0 1600
0 0 1600
0 0 1600
0 0 1600
0 0 1600
0 0 1600
0 0 1600
0 0 1600
0 0 1600
0 0 1600
0 0 1600
0 0 1600
0 0 1600
0 0 1600
0 0 1600
0 0 1600
0 0 1600
0 0 1600
0 0 1600
0 0 1600
0 0 1600
0 0 1600
0 0 1600
0 0 1600
0 0 1600
0 0 1600
0 0 1600
0 0 1600
0 0 1600
0 0 1600
0 0 1600
0 0 1600
0 0 1600
0 0 1600
0 0 1600
0 0 1600
0 0 1600
0 0 1600
0 0 1600
0 0 1600
0 0 1600
0 0 1600
0 0 1600
0 0 1600
0 0 1600
0 0 1600
0 0 1600
0 0 1600
0 0 1600
0 0 1600
0 0 1600
0 0 1600
0 0 1600
0 0 1600
0 0 1600
0 0 1600
0 0 1600
0 0 1600
0 0 1600
0 0 1600
0 0 1600
0 0 1600
0 0 1600
0 0 1600
0 0 1600
0 0 1600
0 0 1600
0 0 1600
0 0 1600
0 0 1600
0 0 1600
0 0 1600
0 0 1600
0 0 1600
0 0 1600
0 0 1600
0 0 1600
0 0 1600
0 0 1600
0 0 1600
0 0 1600
0 0 1600
0 0 1600
0 0 1600
0 0 1600
0 0 1600
0 0 1600
0 0 1600
0 0 1600
0 0 1600
0 0 1600
0 0 1600
0 0 1600
0 0 1600
0 0 1600
0 0 1600
0 0 1600
0 0 1600
0 0 1600
0 0 1600
0 0 1600
0 0 1600
0 0 1600
0 0 1600
0 0 1600
0 0 1600
0 0 1600
0 0 1600
0 0 1600
0 0 1600
0 0 1600
0 0 1600
0 0 1600
0 0 1600
0 0 1600
0 0 1600
0 0 1600
0 0 1600
0 0 1600
0 0 1600
0 0 1600
0 0 1600
0 0 1600
0 0 1600
0 0 1600
0 0 1600
0 0 1600
0 0 1600
0 0 1600
0 0 1600
0 0 1600
0 0 1600
0 0 1600
0 0 1600
0 0 1600
0 0 1600
0 0 1600
0 0 1600
0 0 1600
0 0 1600
0 0 1600
0 0 1600
0 0 1600
0 0 1600
0 0 1600
0 0 1600
0 0 1600
0 0 1600
0 0 1600
0 0 1600
0 0 1600
0 0 1600
0 0 1600
0 0 1600
0 0 1600
0 0 1600
0 0 1600
0 0 1600
0 0 1600
0 0 1600
0 0 1600
0 0 1600
0 0 1600
0 0 1600
0 0 1600
0 0 1600
0 0 1600
0 0 1600
0 0 1600
0 0 1600
0 0 1600
0 0 1600
0 0 1600
0 0 1600
0 0 1600
0 0 1600
0 0 1600
0 0 1600
0 0 1600
0 0 1600
0 0 1600
0 0 1600
0 0 1600
0 0 1600
0 0 1600
0 0 1600
0 0 1600
0 0 1600
0 0 1600
0 0 1600
0 0 1600
0 0 1600
0 0 1600
0 0 1600
0 0 1600
0 0 1600
0 0 1600
0 0 1600
0 0 1600
0 0 1600
0 0 1600
0 0 1600
0 0 1600
0 0 1600
0 0 1600
0 0 1600
0 0 1600
0 0 1600
0 0 1600
0 0 1600
0 0 1600
0 0 1600
0 0 1600
0 0 1600
0 0 1600
0 0 1600
0 0 1600
0 0 1600
0 0 1600
0 0 1600
0 0 1600
0 0 1600
0 0 1600
0 0 1600
0 0 1600
0 0 1600
0 0 1600
0 0 1600
0 0 1600
0 0 1600
0 0 1600
0 0 1600
0 0 1600
0 0 1600
0 0 1600
0 0 1600
0 0 1600
0 0 1600
0 0 1600
0 0 1600
0 0 1600
0 0 1600
0 0 1600
0 0 1600
0 0 1600
0 0 1600
0 0 1600
0 0 1600
0 0 1600
0 0 1600
0 0 1600
0 0 1600
0 0 1600
0 0 1600
0 0 1600
0 0 1600
0 0 1600
0 0 1600
0 0 1600
0 0 1600
0 0 1600
0 0 1600
0 0 1600
0 0 1600
0 0 1600
0 0 1600
0 0 1600
0 0 1600
0 0 1600
0 0 1600
0 0 1600
0 0 1600
0 0 1600
0 0 1600
0 0 1600
0 0 1600
0 0 1600
0 0 1600
0 0 1600
0 0 1600
0 0 1600
0 0 1600
0 0 1600
0 0 1600
0 0 1600
0 0 1600
0 0 1600
0 0 1600
0 0 1600
0 0 1600
0 0 1600
0 0 1600
0 0 1600
0 0 1600
0 0 1600
0 0 1600
0 0 1600
0 0 1600
0 0 1600
0 0 1600
0 0 1600
0 0 1600
0 0 1600
0 0 1600
0 0 1600
0 0 1600
0 0 1600
0 0 1600
0 0 1600
0 0 1600
0 0 1600
0 0 1600
0 0 1600
0 0 1600
0 0 1600
0 0 1600
0 0 1600
0 0 1600
0 0 1600
0 0 1600
0 0 1600
0 0 1600
0 0 1600
0 0 1600
0 0 1600
0 0 1600
0 0 1600
0 0 1600
0 0 1600
0 0 1600
0 0 1600
0 0 1600
0 0 1600
0 0 1600
0 0 1600
0 0 1600
0 0 1600
0 0 1600
0 0 1600
0 0 1600
0 0 1600
0 0 1600
0 0 1600
0 0 1600
0 0 1600
0 0 1600
0 0 1600
0 0 1600
0 0 1600
0 0 1600
0 0 1600
0 0 1600
0 0 1600
0 0 1600
0 0 1600
0 0 1600
0 0 1600
0 0 1600
0 0 1600
0 0 1600
0 0 1600
0 0 1600
0 0 1600
0 0 1600
0 0 1600
0 0 1600
0 0 1600
0 0 1600
0 0 1600
0 0 1600
0 0 1600
0 0 1600
0 0 1600
0 0 1600
0 0 1600
0 0 1600
0 0 1600
0 0 1600
0 0 1600
0 0 1600
0 0 1600
0 0 1600
0 0 1600
0 0 1600
0 0 1600
0 0 1600
0 0 1600
0 0 1600
0 0 1600
0 0 1600
0 0 1600
0 0 1600
0 0 1600
0 0 1600
0 0 1600
0 0 1600
0 0 1600
0 0 1600
0 0 1600
0 0 1600
0 0 1600
0 0 1600
0 0 1600
0 0 1600
0 0 1600
0 0 1600
0 0 1600
0 0 1600
0 0 1600
0 0 1600
0 0 1600
0 0 1600
0 0 1600
0 0 1600
0 0 1600
0 0 1600
0 0 1600
0 0 1600
0 0 1600
0 0 1600
0 0 1600
0 0 1600
0 0 1600
0 0 1600
0 0 1600
0 0 1600
0 0 1600
0 0 1600
0 0 1600
0 0 1600
0 0 1600
0 0 1600
0 0 1600
0 0 1600
0 0 1600
0 0 1600
0 0 1600
0 0 1600
0 0 1600
0 0 1600
0 0 1600
0 0 1600
0 0 1600
0 0 1600
0 0 1600
0 0 1600
0 0 1600
0 0 1600
0 0 1600
0 0 1600
0 0 1600
0 0 1600
0 0 1600
0 0 1600
0 0 1600
0 0 1600
0 0 1600
0 0 1600
0 0 1600
0 0 1600
0 0 1600
0 0 1600
0 0 1600
0 0 1600
0 0 1600
0 0 1600
0 0 1600
0 0 1600
0 0 1600
0 0 1600
0 0 1600
0 0 1600
0 0 1600
0 0 1600
0 0 1600
0 0 1600
0 0 1600
0 0 1600
0 0 1600
0 0 1600
0 0 1600
0 0 1600
0 0 1600
0 0 1600
0 0 1600
0 0 1600
0 0 1600
0 0 1600
0 0 1600
0 0 1600
0 0 1600
0 0 1600
0 0 1600
0 0 1600
0 0 1600
0 0 1600
0 0 1600
0 0 1600
0 0 1600
0 0 1600
0 0 1600
0 0 1600
0 0 1600
0 0 1600
0 0 1600
0 0 1600
0 0 1600
0 0 1600
0 0 1600
0 0 1600
0 0 1600
0 0 1600
0 0 1600
0 0 1600
0 0 1600
0 0 1600
0 0 1600
0 0 1600
0 0 1600
0 0 1600
0 0 1600
0 0 1600
0 0 1600
0 0 1600
0 0 1600
0 0 1600
0 0 1600
0 0 1600
0 0 1600
0 0 1600
0 0 1600
0 0 1600
0 0 1600
0 0 1600
0 0 1600
0 0 1600
0 0 1600
0 0 1600
0 0 1600
0 0 1600
0 0 1600
0 0 1600
0 0 1600
0 0 1600
0 0 1600
0 0 1600
0 0 1600
0 0 1600
0 0 1600
0 0 1600
0 0 1600
0 0 1600
0 0 1600
0 0 1600
0 0 1600
0 0 1600
0 0 1600
0 0 1600
0 0 1600
0 0 1600
0 0 1600
0 0 1600
0 0 1600
0 0 1600
0 0 1600
0 0 1600
0 0 1600
0 0 1600
0 0 1600
0 0 1600
0 0 1600
0 0 1600
0 0 1600
0 0 1600
0 0 1600
0 0 1600
0 0 1600
0 0 1600
0 0 1600
0 0 1600
0 0 1600
0 0 1600
