1599 0 1
1592 8 0
1592 3 5
1585 12 3
1586 9 5
1574 19 7
1570 18 12
1564 23 13
1555 32 13
1549 38 13
1542 37 21
1532 41 27
1512 64 24
1506 65 29
1484 79 37
1472 80 48
1452 98 50
1442 101 57
1425 128 47
1433 100 67
1394 137 69
1380 150 70
1364 159 77
1346 160 94
1319 193 88
1303 192 105
1274 221 105
1246 230 124
1221 253 126
1205 248 147
1170 295 135
1152 273 175
1104 314 182
1093 303 204
1041 345 214
1004 365 231
968 349 283
897 415 288
869 402 329
847 400 353
797 412 391
741 451 408
707 432 461
650 476 474
623 428 549
555 506 539
561 433 606
535 447 618
501 421 678
476 426 698
480 377 743
412 435 753
394 345 861
351 353 896
334 337 929
315 300 985
270 311 1019
257 257 1086
207 265 1128
195 215 1190
175 190 1235
148 185 1267
135 156 1309
114 137 1349
93 125 1382
80 109 1411
65 105 1430
63 73 1464
44 72 1484
36 64 1500
40 42 1518
28 47 1525
28 23 1549
17 33 1550
18 24 1558
21 18 1561
16 17 1567
13 13 1574
9 16 1575
9 6 1585
5 9 1586
3 8 1589
2 4 1594
2 5 1593
1 5 1594
1 2 1597
0 2 1598
0 1 1599
0 0 1600
0 0 1600
0 0 1600
0 0 1600
0 0 1600
0 0 1600
0 0 1600
0 0 1600
0 0 1600
0 0 1600
0 0 1600
0 0 1600
0 0 1600
0 0 1600
0 0 1600
0 0 1600
0 0 1600
0 0 1600
0 0 1600
0 0 1600
0 0 1600
0 0 1600
0 0 1600
0 0 1600
0 0 1600
0 0 1600
0 0 1600
0 0 1600
0 0 1600
0 0 1600
0 0 1600
0 0 1600
0 0 1600
0 0 1600
0 0 1600
0 0 1600
0 0 1600
0 0 1600
0 0 1600
0 0 1600
0 0 1600
0 0 1600
0 0 1600
0 0 1600
0 0 1600
0 0 1600
0 0 1600
0 0 1600
0 0 1600
0 0 1600
0 0 1600
0 0 1600
0 0 1600
0 0 1600
0 0 1600
0 0 1600
0 0 1600
0 0 1600
0 0 1600
0 0 1600
0 0 1600
0 0 1600
0 0 1600
0 0 1600
0 0 1600
0 0 1600
0 0 1600
0 0 1600
0 0 1600
0 0 1600
0 0 1600
0 0 1600
0 0 1600
0 0 1600
0 0 1600
0 0 1600
0 0 1600
0 0 1600
0 0 1600
0 0 1600
0 0 1600
0 0 1600
0 0 1600
0 0 1600
0 0 1600
0 0 1600
0 0 1600
0 0 1600
0 0 1600
0 0 1600
0 0 1600
0 0 1600
0 0 1600
0 0 1600
0 0 1600
0 0 1600
0 0 1600
0 0 1600
0 0 1600
0 0 1600
0 0 1600
0 0 1600
0 0 1600
0 0 1600
0 0 1600
0 0 1600
0 0 1600
0 0 1600
0 0 1600
0 0 1600
0 0 1600
0 0 1600
0 0 1600
0 0 1600
0 0 1600
0 0 1600
0 0 1600
0 0 1600
0 0 1600
0 0 1600
0 0 1600
0 0 1600
0 0 1600
0 0 1600
0 0 1600
0 0 1600
0 0 1600
0 0 1600
0 0 1600
0 0 1600
0 0 1600
0 0 1600
0 0 1600
0 0 1600
0 0 1600
0 0 1600
0 0 1600
0 0 1600
0 0 1600
0 0 1600
0 0 1600
0 0 1600
0 0 1600
0 0 1600
0 0 1600
0 0 1600
0 0 1600
0 0 1600
0 0 1600
0 0 1600
0 0 1600
0 0 1600
0 0 1600
0 0 1600
0 0 1600
0 0 1600
0 0 1600
0 0 1600
0 0 1600
0 0 1600
0 0 1600
0 0 1600
0 0 1600
0 0 1600
0 0 1600
0 0 1600
0 0 1600
0 0 1600
0 0 1600
0 0 1600
0 0 1600
0 0 1600
0 0 1600
0 0 1600
0 0 1600
0 0 1600
0 0 1600
0 0 1600
0 0 1600
0 0 1600
0 0 1600
0 0 1600
0 0 1600
0 0 1600
0 0 1600
0 0 1600
0 0 1600
0 0 1600
0 0 1600
0 0 1600
0 0 1600
0 0 1600
0 0 1600
0 0 1600
0 0 1600
0 0 1600
0 0 1600
0 0 1600
0 0 1600
0 0 1600
0 0 1600
0 0 1600
0 0 1600
0 0 1600
0 0 1600
0 0 1600
0 0 1600
0 0 1600
0 0 1600
0 0 1600
0 0 1600
0 0 1600
0 0 1600
0 0 1600
0 0 1600
0 0 1600
0 0 1600
0 0 1600
0 0 1600
0 0 1600
0 0 1600
0 0 1600
0 0 1600
0 0 1600
0 0 1600
0 0 1600
0 0 1600
0 0 1600
0 0 1600
0 0 1600
0 0 1600
0 0 1600
0 0 1600
0 0 1600
0 0 1600
0 0 1600
0 0 1600
0 0 1600
0 0 1600
0 0 1600
0 0 1600
0 0 1600
0 0 1600
0 0 1600
0 0 1600
0 0 1600
0 0 1600
0 0 1600
0 0 1600
0 0 1600
0 0 1600
0 0 1600
0 0 1600
0 0 1600
0 0 1600
0 0 1600
0 0 1600
0 0 1600
0 0 1600
0 0 1600
0 0 1600
0 0 1600
0 0 1600
0 0 1600
0 0 1600
0 0 1600
0 0 1600
0 0 1600
0 0 1600
0 0 1600
0 0 1600
0 0 1600
0 0 1600
0 0 1600
0 0 1600
0 0 1600
0 0 1600
0 0 1600
0 0 1600
0 0 1600
0 0 1600
0 0 1600
0 0 1600
0 0 1600
0 0 1600
0 0 1600
0 0 1600
0 0 1600
0 0 1600
0 0 1600
0 0 1600
0 0 1600
0 0 1600
0 0 1600
0 0 1600
0 0 1600
0 0 1600
0 0 1600
0 0 1600
0 0 1600
0 0 1600
0 0 1600
0 0 1600
0 0 1600
0 0 1600
0 0 1600
0 0 1600
0 0 1600
0 0 1600
0 0 1600
0 0 1600
0 0 1600
0 0 1600
0 0 1600
0 0 1600
0 0 1600
0 0 1600
0 0 1600
0 0 1600
0 0 1600
0 0 1600
0 0 1600
0 0 1600
0 0 1600
0 0 1600
0 0 1600
0 0 1600
0 0 1600
0 0 1600
0 0 1600
0 0 1600
0 0 1600
0 0 1600
0 0 1600
0 0 1600
0 0 1600
0 0 1600
0 0 1600
0 0 1600
0 0 1600
0 0 1600
0 0 1600
0 0 1600
0 0 1600
0 0 1600
0 0 1600
0 0 1600
0 0 1600
0 0 1600
0 0 1600
0 0 1600
0 0 1600
0 0 1600
0 0 1600
0 0 1600
0 0 1600
0 0 1600
0 0 1600
0 0 1600
0 0 1600
0 0 1600
0 0 1600
0 0 1600
0 0 1600
0 0 1600
0 0 1600
0 0 1600
0 0 1600
0 0 1600
0 0 1600
0 0 1600
0 0 1600
0 0 1600
0 0 1600
0 0 1600
0 0 1600
0 0 1600
0 0 1600
0 0 1600
0 0 1600
0 0 1600
0 0 1600
0 0 1600
0 0 1600
0 0 1600
0 0 1600
0 0 1600
0 0 1600
0 0 1600
0 0 1600
0 0 1600
0 0 1600
0 0 1600
0 0 1600
0 0 1600
0 0 1600
0 0 1600
0 0 1600
0 0 1600
0 0 1600
0 0 1600
0 0 1600
0 0 1600
0 0 1600
0 0 1600
0 0 1600
0 0 1600
0 0 1600
0 0 1600
0 0 1600
0 0 1600
0 0 1600
0 0 1600
0 0 1600
0 0 1600
0 0 1600
0 0 1600
0 0 1600
0 0 1600
0 0 1600
0 0 1600
0 0 1600
0 0 1600
0 0 1600
0 0 1600
0 0 1600
0 0 1600
0 0 1600
0 0 1600
0 0 1600
0 0 1600
0 0 1600
0 0 1600
0 0 1600
0 0 1600
0 0 1600
0 0 1600
0 0 1600
0 0 1600
0 0 1600
0 0 1600
0 0 1600
0 0 1600
0 0 1600
0 0 1600
0 0 1600
0 0 1600
0 0 1600
0 0 1600
0 0 1600
0 0 1600
0 0 1600
0 0 1600
0 0 1600
0 0 1600
0 0 1600
0 0 1600
0 0 1600
0 0 1600
0 0 1600
0 0 1600
0 0 1600
0 0 1600
0 0 1600
0 0 1600
0 0 1600
0 0 1600
0 0 1600
0 0 1600
0 0 1600
0 0 1600
0 0 1600
0 0 1600
0 0 1600
0 0 1600
0 0 1600
0 0 1600
0 0 1600
0 0 1600
0 0 1600
0 0 1600
0 0 1600
0 0 1600
0 0 1600
0 0 1600
0 0 1600
0 0 1600
0 0 1600
0 0 1600
0 0 1600
0 0 1600
0 0 1600
0 0 1600
0 0 1600
0 0 1600
0 0 1600
0 0 1600
0 0 1600
0 0 1600
0 0 1600
0 0 1600
0 0 1600
0 0 1600
0 0 1600
0 0 1600
0 0 1600
0 0 1600
0 0 1600
0 0 1600
0 0 1600
0 0 1600
0 0 1600
0 0 1600
0 0 1600
0 0 1600
0 0 1600
0 0 1600
0 0 1600
0 0 1600
0 0 1600
0 0 1600
0 0 1600
0 0 1600
0 0 1600
0 0 1600
0 0 1600
0 0 1600
0 0 1600
0 0 1600
0 0 1600
0 0 1600
0 0 1600
0 0 1600
0 0 1600
0 0 1600
0 0 1600
0 0 1600
0 0 1600
0 0 1600
0 0 1600
0 0 1600
0 0 1600
0 0 1600
0 0 1600
0 0 1600
0 0 1600
0 0 1600
0 0 1600
0 0 1600
0 0 1600
0 0 1600
0 0 1600
0 0 1600
0 0 1600
0 0 1600
0 0 1600
0 0 1600
0 0 1600
0 0 1600
0 0 1600
0 0 1600
0 0 1600
0 0 1600
0 0 1600
0 0 1600
0 0 1600
0 0 1600
0 0 1600
0 0 1600
0 0 1600
0 0 1600
0 0 1600
0 0 1600
0 0 1600
0 0 1600
0 0 1600
0 0 1600
0 0 1600
0 0 1600
0 0 1600
0 0 1600
0 0 1600
0 0 1600
0 0 1600
0 0 1600
0 0 1600
0 0 1600
0 0 1600
0 0 1600
0 0 1600
0 0 1600
0 0 1600
0 0 1600
0 0 1600
0 0 1600
0 0 1600
0 0 1600
0 0 1600
0 0 1600
0 0 1600
0 0 1600
0 0 1600
0 0 1600
0 0 1600
0 0 1600
0 0 1600
0 0 1600
0 0 1600
0 0 1600
0 0 1600
0 0 1600
0 0 1600
0 0 1600
0 0 1600
0 0 1600
0 0 1600
0 0 1600
0 0 1600
0 0 1600
0 0 1600
0 0 1600
0 0 1600
0 0 1600
0 0 1600
0 0 1600
0 0 1600
0 0 1600
0 0 1600
0 0 1600
0 0 1600
0 0 1600
0 0 1600
0 0 1600
0 0 1600
0 0 1600
0 0 1600
0 0 1600
0 0 1600
0 0 1600
0 0 1600
0 0 1600
0 0 1600
0 0 1600
0 0 1600
0 0 1600
0 0 1600
0 0 1600
0 0 1600
0 0 1600
0 0 1600
0 0 1600
0 0 1600
0 0 1600
0 0 1600
0 0 1600
0 0 1600
0 0 1600
0 0 1600
0 0 1600
0 0 1600
0 0 1600
0 0 1600
0 0 1600
0 0 1600
0 0 1600
0 0 1600
0 0 1600
0 0 1600
0 0 1600
0 0 1600
0 0 1600
0 0 1600
0 0 1600
0 0 1600
0 0 1600
0 0 1600
0 0 1600
0 0 1600
0 0 1600
0 0 1600
0 0 1600
0 0 1600
0 0 1600
0 0 1600
0 0 1600
0 0 1600
0 0 1600
0 0 1600
0 0 1600
0 0 1600
0 0 1600
0 0 1600
0 0 1600
0 0 1600
0 0 1600
0 0 1600
0 0 1600
0 0 1600
0 0 1600
0 0 1600
0 0 1600
0 0 1600
0 0 1600
0 0 1600
0 0 1600
0 0 1600
0 0 1600
0 0 1600
0 0 1600
0 0 1600
0 0 1600
0 0 1600
0 0 1600
0 0 1600
0 0 1600
0 0 1600
0 0 1600
0 0 1600
0 0 1600
0 0 1600
0 0 1600
0 0 1600
0 0 1600
0 0 1600
0 0 1600
0 0 1600
0 0 1600
0 0 1600
0 0 1600
0 0 1600
0 0 1600
0 0 1600
0 0 1600
0 0 1600
0 0 1600
0 0 1600
0 0 1600
0 0 1600
0 0 1600
0 0 1600
0 0 1600
0 0 1600
0 0 1600
0 0 1600
0 0 1600
0 0 1600
0 0 1600
0 0 1600
0 0 1600
0 0 1600
0 0 1600
0 0 1600
0 0 1600
0 0 1600
0 0 1600
0 0 1600
0 0 1600
0 0 1600
0 0 1600
0 0 1600
0 0 1600
0 0 1600
0 0 1600
0 0 1600
0 0 1600
0 0 1600
0 0 1600
0 0 1600
0 0 1600
0 0 1600
0 0 1600
0 0 1600
0 0 1600
0 0 1600
0 0 1600
0 0 1600
0 0 1600
0 0 1600
0 0 1600
0 0 1600
0 0 1600
0 0 1600
0 0 1600
0 0 1600
0 0 1600
0 0 1600
0 0 1600
0 0 1600
0 0 1600
0 0 1600
0 0 1600
0 0 1600
0 0 1600
0 0 1600
0 0 1600
0 0 1600
0 0 1600
0 0 1600
0 0 1600
0 0 1600
0 0 1600
0 0 1600
0 0 1600
0 0 1600
0 0 1600
0 0 1600
0 0 1600
0 0 1600
0 0 1600
0 0 1600
0 0 1600
0 0 1600
0 0 1600
0 0 1600
0 0 1600
0 0 1600
0 0 1600
0 0 1600
0 0 1600
0 0 1600
0 0 1600
0 0 1600
0 0 1600
0 0 1600
0 0 1600
0 0 1600
0 0 1600
0 0 1600
0 0 1600
0 0 1600
0 0 1600
0 0 1600
0 0 1600
0 0 1600
0 0 1600
0 0 1600
0 0 1600
0 0 1600
0 0 1600
0 0 1600
0 0 1600
0 0 1600
0 0 1600
0 0 1600
0 0 1600
0 0 1600
0 0 1600
0 0 1600
0 0 1600
0 0 1600
0 0 1600
0 0 1600
0 0 1600
0 0 1600
0 0 1600
0 0 1600
0 0 1600
0 0 1600
0 0 1600
0 0 1600
0 0 1600
0 0 1600
0 0 1600
0 0 1600
0 0 1600
0 0 1600
0 0 1600
0 0 1600
0 0 1600
0 0 1600
0 0 1600
0 0 1600
0 0 1600
0 0 1600
0 0 1600
0 0 1600
0 0 1600
0 0 1600
0 0 1600
0 0 1600
0 0 1600
0 0 1600
0 0 1600
0 0 1600
0 0 1600
0 0 1600
0 0 1600
0 0 1600
0 0 1600
0 0 1600
0 0 1600
0 0 1600
0 0 1600
0 0 1600
0 0 1600
0 0 1600
0 0 1600
0 0 1600
0 0 1600
0 0 1600
0 0 1600
0 0 1600
0 0 1600
0 0 1600
0 0 1600
0 0 1600
0 0 1600
0 0 1600
0 0 1600
0 0 1600
0 0 1600
0 0 1600
0 0 1600
1599 0 1
1592 8 0
1592 2 6
1584 15 1
1584 3 13
1568 29 3
1569 4 27
1548 44 8
1552 11 37
1522 64 14
1526 19 55
1491 82 27
1499 25 76
1453 111 36
1454 43 103
1411 121 68
1414 59 127
1367 134 99
1359 86 155
1311 147 142
1310 93 197
1253 178 169
1243 101 256
1164 206 230
1171 103 326
1075 230 295
1082 109 409
995 248 357
994 117 489
894 273 433
889 123 588
780 292 528
789 128 683
681 310 609
674 150 776
536 323 741
540 149 911
417 350 833
422 176 1002
321 331 948
319 168 1113
242 289 1069
239 142 1219
183 222 1195
182 112 1306
117 181 1302
117 78 1405
71 124 1405
64 48 1488
28 63 1509
20 28 1552
7 25 1568
6 9 1585
4 6 1590
2 4 1594
2 0 1598
1 2 1597
1 0 1599
0 1 1599
0 0 1600
0 0 1600
0 0 1600
0 0 1600
0 0 1600
0 0 1600
0 0 1600
0 0 1600
0 0 1600
0 0 1600
0 0 1600
0 0 1600
0 0 1600
0 0 1600
0 0 1600
0 0 1600
0 0 1600
0 0 1600
0 0 1600
0 0 1600
0 0 1600
0 0 1600
0 0 1600
0 0 1600
0 0 1600
0 0 1600
0 0 1600
0 0 1600
0 0 1600
0 0 1600
0 0 1600
0 0 1600
0 0 1600
0 0 1600
0 0 1600
0 0 1600
0 0 1600
0 0 1600
0 0 1600
0 0 1600
0 0 1600
0 0 1600
0 0 1600
0 0 1600
0 0 1600
0 0 1600
0 0 1600
0 0 1600
0 0 1600
0 0 1600
0 0 1600
0 0 1600
0 0 1600
0 0 1600
0 0 1600
0 0 1600
0 0 1600
0 0 1600
0 0 1600
0 0 1600
0 0 1600
0 0 1600
0 0 1600
0 0 1600
0 0 1600
0 0 1600
0 0 1600
0 0 1600
0 0 1600
0 0 1600
0 0 1600
0 0 1600
0 0 1600
0 0 1600
0 0 1600
0 0 1600
0 0 1600
0 0 1600
0 0 1600
0 0 1600
0 0 1600
0 0 1600
0 0 1600
0 0 1600
0 0 1600
0 0 1600
0 0 1600
0 0 1600
0 0 1600
0 0 1600
0 0 1600
0 0 1600
0 0 1600
0 0 1600
0 0 1600
0 0 1600
0 0 1600
0 0 1600
0 0 1600
0 0 1600
0 0 1600
0 0 1600
0 0 1600
0 0 1600
0 0 1600
0 0 1600
0 0 1600
0 0 1600
0 0 1600
0 0 1600
0 0 1600
0 0 1600
0 0 1600
0 0 1600
0 0 1600
0 0 1600
0 0 1600
0 0 1600
0 0 1600
0 0 1600
0 0 1600
0 0 1600
0 0 1600
0 0 1600
0 0 1600
0 0 1600
0 0 1600
0 0 1600
0 0 1600
0 0 1600
0 0 1600
0 0 1600
0 0 1600
0 0 1600
0 0 1600
0 0 1600
0 0 1600
0 0 1600
0 0 1600
0 0 1600
0 0 1600
0 0 1600
0 0 1600
0 0 1600
0 0 1600
0 0 1600
0 0 1600
0 0 1600
0 0 1600
0 0 1600
0 0 1600
0 0 1600
0 0 1600
0 0 1600
0 0 1600
0 0 1600
0 0 1600
0 0 1600
0 0 1600
0 0 1600
0 0 1600
0 0 1600
0 0 1600
0 0 1600
0 0 1600
0 0 1600
0 0 1600
0 0 1600
0 0 1600
0 0 1600
0 0 1600
0 0 1600
0 0 1600
0 0 1600
0 0 1600
0 0 1600
0 0 1600
0 0 1600
0 0 1600
0 0 1600
0 0 1600
0 0 1600
0 0 1600
0 0 1600
0 0 1600
0 0 1600
0 0 1600
0 0 1600
0 0 1600
0 0 1600
0 0 1600
0 0 1600
0 0 1600
0 0 1600
0 0 1600
0 0 1600
0 0 1600
0 0 1600
0 0 1600
0 0 1600
0 0 1600
0 0 1600
0 0 1600
0 0 1600
0 0 1600
0 0 1600
0 0 1600
0 0 1600
0 0 1600
0 0 1600
0 0 1600
0 0 1600
0 0 1600
0 0 1600
0 0 1600
0 0 1600
0 0 1600
0 0 1600
0 0 1600
0 0 1600
0 0 1600
0 0 1600
0 0 1600
0 0 1600
0 0 1600
0 0 1600
0 0 1600
0 0 1600
0 0 1600
0 0 1600
0 0 1600
0 0 1600
0 0 1600
0 0 1600
0 0 1600
0 0 1600
0 0 1600
0 0 1600
0 0 1600
0 0 1600
0 0 1600
0 0 1600
0 0 1600
0 0 1600
0 0 1600
0 0 1600
0 0 1600
0 0 1600
0 0 1600
0 0 1600
0 0 1600
0 0 1600
0 0 1600
0 0 1600
0 0 1600
0 0 1600
0 0 1600
0 0 1600
0 0 1600
0 0 1600
0 0 1600
0 0 1600
0 0 1600
0 0 1600
0 0 1600
0 0 1600
0 0 1600
0 0 1600
0 0 1600
0 0 1600
0 0 1600
0 0 1600
0 0 1600
0 0 1600
0 0 1600
0 0 1600
0 0 1600
0 0 1600
0 0 1600
0 0 1600
0 0 1600
0 0 1600
0 0 1600
0 0 1600
0 0 1600
0 0 1600
0 0 1600
0 0 1600
0 0 1600
0 0 1600
0 0 1600
0 0 1600
0 0 1600
0 0 1600
0 0 1600
0 0 1600
0 0 1600
0 0 1600
0 0 1600
0 0 1600
0 0 1600
0 0 1600
0 0 1600
0 0 1600
0 0 1600
0 0 1600
0 0 1600
0 0 1600
0 0 1600
0 0 1600
0 0 1600
0 0 1600
0 0 1600
0 0 1600
0 0 1600
0 0 1600
0 0 1600
0 0 1600
0 0 1600
0 0 1600
0 0 1600
0 0 1600
0 0 1600
0 0 1600
0 0 1600
0 0 1600
0 0 1600
0 0 1600
0 0 1600
0 0 1600
0 0 1600
0 0 1600
0 0 1600
0 0 1600
0 0 1600
0 0 1600
0 0 1600
0 0 1600
0 0 1600
0 0 1600
0 0 1600
0 0 1600
0 0 1600
0 0 1600
0 0 1600
0 0 1600
0 0 1600
0 0 1600
0 0 1600
0 0 1600
0 0 1600
0 0 1600
0 0 1600
0 0 1600
0 0 1600
0 0 1600
0 0 1600
0 0 1600
0 0 1600
0 0 1600
0 0 1600
0 0 1600
0 0 1600
0 0 1600
0 0 1600
0 0 1600
0 0 1600
0 0 1600
0 0 1600
0 0 1600
0 0 1600
0 0 1600
0 0 1600
0 0 1600
0 0 1600
0 0 1600
0 0 1600
0 0 1600
0 0 1600
0 0 1600
0 0 1600
0 0 1600
0 0 1600
0 0 1600
0 0 1600
0 0 1600
0 0 1600
0 0 1600
0 0 1600
0 0 1600
0 0 1600
0 0 1600
0 0 1600
0 0 1600
0 0 1600
0 0 1600
0 0 1600
0 0 1600
0 0 1600
0 0 1600
0 0 1600
0 0 1600
0 0 1600
0 0 1600
0 0 1600
0 0 1600
0 0 1600
0 0 1600
0 0 1600
0 0 1600
0 0 1600
0 0 1600
0 0 1600
0 0 1600
0 0 1600
0 0 1600
0 0 1600
0 0 1600
0 0 1600
0 0 1600
0 0 1600
0 0 1600
0 0 1600
0 0 1600
0 0 1600
0 0 1600
0 0 1600
0 0 1600
0 0 1600
0 0 1600
0 0 1600
0 0 1600
0 0 1600
0 0 1600
0 0 1600
0 0 1600
0 0 1600
0 0 1600
0 0 1600
0 0 1600
0 0 1600
0 0 1600
0 0 1600
0 0 1600
0 0 1600
0 0 1600
0 0 1600
0 0 1600
0 0 1600
0 0 1600
0 0 1600
0 0 1600
0 0 1600
0 0 1600
0 0 1600
0 0 1600
0 0 1600
0 0 1600
0 0 1600
0 0 1600
0 0 1600
0 0 1600
0 0 1600
0 0 1600
0 0 1600
0 0 1600
0 0 1600
0 0 1600
0 0 1600
0 0 1600
0 0 1600
0 0 1600
0 0 1600
0 0 1600
0 0 1600
0 0 1600
0 0 1600
0 0 1600
0 0 1600
0 0 1600
0 0 1600
0 0 1600
0 0 1600
0 0 1600
0 0 1600
0 0 1600
0 0 1600
0 0 1600
0 0 1600
0 0 1600
0 0 1600
0 0 1600
0 0 1600
0 0 1600
0 0 1600
0 0 1600
0 0 1600
0 0 1600
0 0 1600
0 0 1600
0 0 1600
0 0 1600
0 0 1600
0 0 1600
0 0 1600
0 0 1600
0 0 1600
0 0 1600
0 0 1600
0 0 1600
0 0 1600
0 0 1600
0 0 1600
0 0 1600
0 0 1600
0 0 1600
0 0 1600
0 0 1600
0 0 1600
0 0 1600
0 0 1600
0 0 1600
0 0 1600
0 0 1600
0 0 1600
0 0 1600
0 0 1600
0 0 1600
0 0 1600
0 0 1600
0 0 1600
0 0 1600
0 0 1600
0 0 1600
0 0 1600
0 0 1600
0 0 1600
0 0 1600
0 0 1600
0 0 1600
0 0 1600
0 0 1600
0 0 1600
0 0 1600
0 0 1600
0 0 1600
0 0 1600
0 0 1600
0 0 1600
0 0 1600
0 0 1600
0 0 1600
0 0 1600
0 0 1600
0 0 1600
0 0 1600
0 0 1600
0 0 1600
0 0 1600
0 0 1600
0 0 1600
0 0 1600
0 0 1600
0 0 1600
0 0 1600
0 0 1600
0 0 1600
0 0 1600
0 0 1600
0 0 1600
0 0 1600
0 0 1600
0 0 1600
0 0 1600
0 0 1600
0 0 1600
0 0 1600
0 0 1600
0 0 1600
0 0 1600
0 0 1600
0 0 1600
0 0 1600
0 0 1600
0 0 1600
0 0 1600
0 0 1600
0 0 1600
0 0 1600
0 0 1600
0 0 1600
0 0 1600
0 0 1600
0 0 1600
0 0 1600
0 0 1600
0 0 1600
0 0 1600
0 0 1600
0 0 1600
0 0 1600
0 0 1600
0 0 1600
0 0 1600
0 0 1600
0 0 1600
0 0 1600
0 0 1600
0 0 1600
0 0 1600
0 0 1600
0 0 1600
0 0 1600
0 0 1600
0 0 1600
0 0 1600
0 0 1600
0 0 1600
0 0 1600
0 0 1600
0 0 1600
0 0 1600
0 0 1600
0 0 1600
0 0 1600
0 0 1600
0 0 1600
0 0 1600
0 0 1600
0 0 1600
0 0 1600
0 0 1600
0 0 1600
0 0 1600
0 0 1600
0 0 1600
0 0 1600
0 0 1600
0 0 1600
0 0 1600
0 0 1600
0 0 1600
0 0 1600
0 0 1600
0 0 1600
0 0 1600
0 0 1600
0 0 1600
0 0 1600
0 0 1600
0 0 1600
0 0 1600
0 0 1600
0 0 1600
0 0 1600
0 0 1600
0 0 1600
0 0 1600
0 0 1600
0 0 1600
0 0 1600
0 0 1600
0 0 1600
0 0 1600
0 0 1600
0 0 1600
0 0 1600
0 0 1600
0 0 1600
0 0 1600
0 0 1600
0 0 1600
0 0 1600
0 0 1600
0 0 1600
0 0 1600
0 0 1600
0 0 1600
0 0 1600
0 0 1600
0 0 1600
0 0 1600
0 0 1600
0 0 1600
0 0 1600
0 0 1600
0 0 1600
0 0 1600
0 0 1600
0 0 1600
0 0 1600
0 0 1600
0 0 1600
0 0 1600
0 0 1600
0 0 1600
0 0 1600
0 0 1600
0 0 1600
0 0 1600
0 0 1600
0 0 1600
0 0 1600
0 0 1600
0 0 1600
0 0 1600
0 0 1600
0 0 1600
0 0 1600
0 0 1600
0 0 1600
0 0 1600
0 0 1600
0 0 1600
0 0 1600
0 0 1600
0 0 1600
0 0 1600
0 0 1600
0 0 1600
0 0 1600
0 0 1600
0 0 1600
0 0 1600
0 0 1600
0 0 1600
0 0 1600
0 0 1600
0 0 1600
0 0 1600
0 0 1600
0 0 1600
0 0 1600
0 0 1600
0 0 1600
0 0 1600
0 0 1600
0 0 1600
0 0 1600
0 0 1600
0 0 1600
0 0 1600
0 0 1600
0 0 1600
0 0 1600
0 0 1600
0 0 1600
0 0 1600
0 0 1600
0 0 1600
0 0 1600
0 0 1600
0 0 1600
0 0 1600
0 0 1600
0 0 1600
0 0 1600
0 0 1600
0 0 1600
0 0 1600
0 0 1600
0 0 1600
0 0 1600
0 0 1600
0 0 1600
0 0 1600
0 0 1600
0 0 1600
0 0 1600
0 0 1600
0 0 1600
0 0 1600
0 0 1600
0 0 1600
0 0 1600
0 0 1600
0 0 1600
0 0 1600
0 0 1600
0 0 1600
0 0 1600
0 0 1600
0 0 1600
0 0 1600
0 0 1600
0 0 1600
0 0 1600
0 0 1600
0 0 1600
0 0 1600
0 0 1600
0 0 1600
0 0 1600
0 0 1600
0 0 1600
0 0 1600
0 0 1600
0 0 1600
0 0 1600
0 0 1600
0 0 1600
0 0 1600
0 0 1600
0 0 1600
0 0 1600
0 0 1600
0 0 1600
0 0 1600
0 0 1600
0 0 1600
0 0 1600
0 0 1600
0 0 1600
0 0 1600
0 0 1600
0 0 1600
0 0 1600
0 0 1600
0 0 1600
0 0 1600
0 0 1600
0 0 1600
0 0 1600
0 0 1600
0 0 1600
0 0 1600
0 0 1600
0 0 1600
0 0 1600
0 0 1600
0 0 1600
0 0 1600
0 0 1600
0 0 1600
0 0 1600
0 0 1600
0 0 1600
0 0 1600
0 0 1600
0 0 1600
0 0 1600
0 0 1600
0 0 1600
0 0 1600
0 0 1600
0 0 1600
0 0 1600
0 0 1600
0 0 1600
0 0 1600
0 0 1600
0 0 1600
0 0 1600
0 0 1600
0 0 1600
0 0 1600
0 0 1600
0 0 1600
0 0 1600
0 0 1600
0 0 1600
0 0 1600
0 0 1600
0 0 1600
0 0 1600
0 0 1600
0 0 1600
0 0 1600
0 0 1600
0 0 1600
0 0 1600
0 0 1600
0 0 1600
0 0 1600
0 0 1600
0 0 1600
0 0 1600
0 0 1600
0 0 1600
0 0 1600
0 0 1600
0 0 1600
0 0 1600
0 0 1600
0 0 1600
0 0 1600
0 0 1600
0 0 1600
0 0 1600
0 0 1600
0 0 1600
0 0 1600
0 0 1600
0 0 1600
0 0 1600
0 0 1600
0 0 1600
0 0 1600
0 0 1600
0 0 1600
0 0 1600
0 0 1600
0 0 1600
0 0 1600
0 0 1600
0 0 1600
0 0 1600
0 0 1600
0 0 1600
0 0 1600
0 0 1600
0 0 1600
0 0 1600
0 0 1600
0 0 1600
0 0 1600
0 0 1600
0 0 1600
0 0 1600
0 0 1600
0 0 1600
0 0 1600
0 0 1600
0 0 1600
0 0 1600
0 0 1600
0 0 1600
0 0 1600
0 0 1600
0 0 1600
0 0 1600
0 0 1600
0 0 1600
0 0 1600
0 0 1600
0 0 1600
0 0 1600
0 0 1600
0 0 1600
0 0 1600
0 0 1600
0 0 1600
1599 0 1
1592 8 0
1592 8 0
1592 6 2
1589 10 1
1590 10 0
1590 7 3
1585 15 0
1585 14 1
1584 15 1
1582 17 1
1579 18 3
1576 23 1
1577 22 1
1573 24 3
1568 29 3
1565 30 5
1558 35 7
1560 35 5
1551 48 1
1552 46 2
1547 46 7
1545 53 2
1547 47 6
1546 49 5
1543 50 7
1534 61 5
1533 61 6
1527 69 4
1524 66 10
1519 72 9
1514 77 9
1509 80 11
1501 95 4
1494 94 12
1480 107 13
1474 112 14
1472 119 9
1467 118 15
1462 124 14
1450 132 18
1441 141 18
1435 147 18
1432 156 12
1427 157 16
1415 169 16
1417 163 20
1416 166 18
1404 182 14
1400 182 18
1396 185 19
1382 199 19
1382 201 17
1378 200 22
1374 204 22
1366 213 21
1365 220 15
1356 217 27
1347 234 19
1341 228 31
1326 255 19
1316 262 22
1297 276 27
1299 269 32
1274 308 18
1273 302 25
1282 276 42
1262 310 28
1260 302 38
1250 319 31
1248 318 34
1231 340 29
1225 337 38
1226 339 35
1222 345 33
1210 341 49
1182 378 40
1161 392 47
1175 378 47
1164 396 40
1162 390 48
1141 415 44
1129 427 44
1119 433 48
1105 449 46
1104 443 53
1093 456 51
1087 468 45
1080 450 70
1053 507 40
1055 480 65
1053 491 56
1056 497 47
1050 493 57
1048 500 52
1039 511 50
1021 511 68
1018 527 55
1027 525 48
1027 512 61
1019 513 68
1003 545 52
1009 541 50
1009 532 59
1004 543 53
1004 540 56
1017 523 60
995 543 62
989 547 64
976 563 61
989 565 46
982 557 61
989 559 52
978 568 54
978 561 61
979 563 58
996 536 68
984 548 68
972 566 62
969 558 73
956 572 72
956 582 62
961 569 70
976 566 58
980 559 61
976 552 72
972 559 69
960 579 61
977 562 61
965 584 51
979 563 58
988 536 76
969 565 66
967 571 62
964 566 70
966 565 69
958 585 57
976 549 75
961 571 68
976 551 73
988 534 78
981 563 56
984 555 61
973 578 49
983 542 75
987 555 58
983 559 58
979 556 65
970 569 61
967 574 59
967 562 71
975 557 68
977 560 63
969 572 59
985 559 56
975 570 55
970 571 59
982 549 69
964 569 67
963 558 79
947 589 64
957 576 67
986 553 61
991 541 68
980 557 63
978 570 52
982 558 60
986 554 60
981 573 46
979 573 48
982 554 64
981 561 58
986 560 54
992 550 58
991 544 65
989 542 69
977 563 60
972 563 65
974 568 58
982 563 55
974 571 55
987 560 53
999 551 50
1003 520 77
989 545 66
985 554 61
981 554 65
974 573 53
984 551 65
981 547 72
961 581 58
973 560 67
974 566 60
974 557 69
962 563 75
952 577 71
959 575 66
951 581 68
956 582 62
962 564 74
969 576 55
981 568 51
989 554 57
985 548 67
981 564 55
983 564 53
981 553 66
982 544 74
972 559 69
982 558 60
974 566 60
961 564 75
962 574 64
967 569 64
958 576 66
961 582 57
961 570 69
959 585 56
967 570 63
974 573 53
996 544 60
994 543 63
981 558 61
974 561 65
981 555 64
966 579 55
968 561 71
970 584 46
976 569 55
976 570 54
981 554 65
994 540 66
977 553 70
973 568 59
987 551 62
970 565 65
981 561 58
971 556 73
955 574 71
949 570 81
962 561 77
966 571 63
962 575 63
961 583 56
959 571 70
956 575 69
964 579 57
962 558 80
968 577 55
971 571 58
975 566 59
964 567 69
962 572 66
969 573 58
965 568 67
973 562 65
960 583 57
961 584 55
961 576 63
975 566 59
982 553 65
973 563 64
974 556 70
970 573 57
972 569 59
958 568 74
969 565 66
971 568 61
984 550 66
1005 518 77
991 551 58
991 535 74
969 551 80
955 581 64
961 568 71
966 568 66
959 574 67
943 598 59
960 601 39
972 571 57
966 571 63
973 570 57
998 526 76
971 577 52
986 548 66
984 554 62
988 562 50
999 543 58
997 526 77
979 566 55
974 570 56
962 589 49
970 571 59
973 567 60
968 570 62
958 584 58
966 568 66
958 581 61
941 606 53
958 580 62
957 574 69
956 576 68
960 580 60
958 581 61
969 564 67
970 565 65
965 570 65
970 557 73
963 576 61
972 557 71
972 569 59
972 581 47
976 567 57
984 538 78
973 560 67
967 579 54
976 554 70
980 556 64
976 545 79
937 591 72
943 580 77
948 598 54
958 583 59
967 568 65
972 558 70
976 569 55
992 550 58
980 553 67
983 565 52
986 547 67
982 567 51
975 564 61
966 574 60
964 568 68
975 563 62
974 563 63
984 552 64
967 571 62
978 559 63
982 556 62
983 567 50
985 561 54
989 558 53
993 552 55
978 562 60
970 568 62
976 566 58
971 564 65
978 572 50
989 545 66
970 578 52
958 582 60
965 576 59
977 563 60
988 551 61
980 547 73
972 564 64
976 551 73
964 570 66
965 575 60
977 565 58
970 572 58
969 566 65
971 576 53
979 564 57
976 558 66
971 565 64
961 583 56
963 570 67
968 581 51
963 566 71
942 589 69
951 584 65
957 586 57
975 567 58
983 558 59
984 557 59
983 561 56
987 548 65
985 566 49
993 542 65
992 559 49
984 551 65
974 556 70
975 561 64
984 539 77
964 582 54
966 570 64
951 591 58
955 582 63
961 565 74
977 552 71
979 560 61
976 565 59
979 569 52
986 541 73
966 573 61
969 579 52
970 562 68
964 571 65
982 555 63
999 536 65
984 555 61
995 549 56
996 546 58
974 552 74
970 572 58
984 549 67
976 568 56
965 580 55
976 557 67
974 555 71
978 563 59
982 550 68
969 565 66
973 573 54
983 550 67
1005 548 47
1001 542 57
1005 534 61
981 552 67
965 581 54
982 558 60
966 576 58
975 566 59
973 563 64
969 565 66
972 571 57
976 553 71
977 555 68
947 587 66
960 570 70
969 558 73
982 559 59
972 569 59
984 548 68
969 567 64
962 588 50
979 553 68
971 558 71
959 571 70
964 583 53
967 569 64
962 579 59
969 575 56
964 578 58
966 575 59
960 587 53
966 561 73
976 556 68
953 591 56
959 569 72
960 575 65
970 575 55
958 568 74
956 580 64
972 577 51
984 559 57
990 553 57
996 548 56
1004 535 61
999 532 69
989 560 51
986 555 59
984 563 53
974 562 64
957 573 70
949 586 65
953 593 54
971 562 67
968 569 63
969 577 54
970 565 65
962 560 78
976 564 60
975 567 58
970 580 50
977 548 75
981 573 46
982 559 59
986 554 60
988 535 77
977 564 59
972 577 51
983 554 63
968 576 56
977 573 50
986 537 77
974 560 66
976 576 48
976 550 74
949 582 69
957 578 65
963 580 57
964 560 76
963 568 69
948 578 74
957 570 73
965 577 58
970 563 67
975 556 69
977 547 76
978 560 62
980 565 55
984 564 52
984 560 56
959 571 70
975 554 71
964 572 64
956 581 63
977 548 75
976 566 58
979 548 73
969 576 55
965 570 65
964 576 60
961 566 73
970 570 60
974 563 63
979 549 72
976 554 70
969 554 77
980 559 61
990 546 64
1001 539 60
989 551 60
999 534 67
990 551 59
989 560 51
995 550 55
995 533 72
974 560 66
975 571 54
961 569 70
961 564 75
946 582 72
950 582 68
955 590 55
966 567 67
956 566 78
941 584 75
955 583 62
938 600 62
951 581 68
950 580 70
954 588 58
971 570 59
970 574 56
984 552 64
980 554 66
964 575 61
970 567 63
956 589 55
956 579 65
970 580 50
968 584 48
977 558 65
978 550 72
969 581 50
968 566 66
959 575 66
959 577 64
964 567 69
986 552 62
986 548 66
963 585 52
966 573 61
973 564 63
971 559 70
965 581 54
976 565 59
986 552 62
971 566 63
962 579 59
976 559 65
977 560 63
982 552 66
958 585 57
958 586 56
943 587 70
948 586 66
960 581 59
966 577 57
962 569 69
970 558 72
960 584 56
975 566 59
983 554 63
973 565 62
959 578 63
966 593 41
963 577 60
968 571 61
983 564 53
986 547 67
972 566 62
965 571 64
959 573 68
964 574 62
971 564 65
971 568 61
965 568 67
957 566 77
968 584 48
970 558 72
979 555 66
973 564 63
969 565 66
964 581 55
974 561 65
969 572 59
968 566 66
976 565 59
964 576 60
966 564 70
981 550 69
961 573 66
961 562 77
961 561 78
945 593 62
953 581 66
971 553 76
973 570 57
958 581 61
972 565 63
961 571 68
977 555 68
983 543 74
979 564 57
985 547 68
975 557 68
992 558 50
990 552 58
992 551 57
977 556 67
989 557 54
989 544 67
980 565 55
982 549 69
982 554 64
965 582 53
965 572 63
974 567 59
966 586 48
966 581 53
973 565 62
975 569 56
959 565 76
975 566 59
977 565 58
982 559 59
978 565 57
987 550 63
965 585 50
975 547 78
955 587 58
967 562 71
950 582 68
958 577 65
941 599 60
944 586 70
964 573 63
967 560 73
976 562 62
971 586 43
991 553 56
987 558 55
988 539 73
981 558 61
978 563 59
970 569 61
986 546 68
972 547 81
959 580 61
962 585 53
973 565 62
962 569 69
960 586 54
953 586 61
966 563 71
960 577 63
983 548 69
983 546 71
977 550 73
965 572 63
963 570 67
959 570 71
965 578 57
968 565 67
966 568 66
965 570 65
977 552 71
961 595 44
962 567 71
953 576 71
956 575 69
963 587 50
984 549 67
987 550 63
978 557 65
978 571 51
980 570 50
981 558 61
980 550 70
959 581 60
966 564 70
957 576 67
946 590 64
954 582 64
949 584 67
951 593 56
945 586 69
961 579 60
963 570 67
960 567 73
968 572 60
975 561 64
980 553 67
980 556 64
969 566 65
967 567 66
967 581 52
982 556 62
974 569 57
977 559 64
967 571 62
970 574 56
958 587 55
968 565 67
949 583 68
951 593 56
961 585 54
976 566 58
968 576 56
962 571 67
953 578 69
976 555 69
969 569 62
965 572 63
965 566 69
965 562 73
986 550 64
981 552 67
991 548 61
994 540 66
988 554 58
979 567 54
980 558 62
991 542 67
982 565 53
977 563 60
985 534 81
971 566 63
979 568 53
986 542 72
972 565 63
961 572 67
958 589 53
944 589 67
959 578 63
965 572 63
984 547 69
972 561 67
985 544 71
966 566 68
960 577 63
961 565 74
976 564 60
980 567 53
982 551 67
987 553 60
981 552 67
986 560 54
998 554 48
996 545 59
969 569 62
975 551 74
983 545 72
971 559 70
948 585 67
958 567 75
955 579 66
970 574 56
971 572 57
973 558 69
965 575 60
955 577 68
956 580 64
963 564 73
952 580 68
961 557 82
947 583 70
966 566 68
965 579 56
972 564 64
970 558 72
973 555 72
978 570 52
972 561 67
985 551 64
970 570 60
983 547 70
971 572 57
970 577 53
961 564 75
966 563 71
970 565 65
951 589 60
943 595 62
945 588 67
949 592 59
956 574 70
976 554 70
982 570 48
983 570 47
999 531 70
984 564 52
991 557 52
998 547 55
989 546 65
982 546 72
975 534 91
962 582 56
972 567 61
967 584 49
983 553 64
978 549 73
986 555 59
979 571 50
975 556 69
953 594 53
947 588 65
948 592 60
958 577 65
966 576 58
978 558 64
986 553 61
982 558 60
966 570 64
961 578 61
979 575 46
975 568 57
968 565 67
965 576 59
962 571 67
957 575 68
958 576 66
969 569 62
972 571 57
975 564 61
960 569 71
957 561 82
943 600 57
967 564 69
965 582 53
958 577 65
965 564 71
982 543 75
988 559 53
983 547 70
963 577 60
959 574 67
972 556 72
967 576 57
970 557 73
963 557 80
955 576 69
953 589 58
964 575 61
976 557 67
963 564 73
981 562 57
977 559 64
991 542 67
999 534 67
984 557 59
992 548 60
998 537 65
989 557 54
993 546 61
984 559 57
985 561 54
998 539 63
1005 536 59
1006 538 56
1002 533 65
995 553 52
986 557 57
970 567 63
949 574 77
949 583 68
968 565 67
976 558 66
976 557 67
973 557 70
972 568 60
976 559 65
991 545 64
992 559 49
998 540 62
995 549 56
979 578 43
970 561 69
960 576 64
957 579 64
960 579 61
956 572 72
969 576 55
969 574 57
958 568 74
959 583 58
968 565 67
966 556 78
965 571 64
962 568 70
971 563 66
973 564 63
983 547 70
959 566 75
944 586 70
944 581 75
934 599 67
956 572 72
957 581 62
970 550 80
980 550 70
985 563 52
984 554 62
969 570 61
970 567 63
968 562 70
965 579 56
968 569 63
968 565 67
968 574 58
967 573 60
981 555 64
991 553 56
990 550 60
969 577 54
968 569 63
948 588 64
961 577 62
974 565 61
965 585 50
971 572 57
964 580 56
972 571 57
988 557 55
981 566 53
983 570 47
995 538 67
981 560 59
983 544 73
966 557 77
967 581 52
964 569 67
970 565 65
980 554 66
977 566 57
976 561 63
987 554 59
986 526 88
974 568 58
975 573 52
971 560 69
975 562 63
971 553 76
955 579 66
960 581 59
969 582 49
979 544 77
978 559 63
967 575 58
981 563 56
962 586 52
959 573 68
945 574 81
947 601 52
945 584 71
942 598 60
959 568 73
939 601 60
962 567 71
970 576 54
975 567 58
978 566 56
979 551 70
968 566 66
961 572 67
952 595 53
968 571 61
963 584 53
968 575 57
964 562 74
967 561 72
947 598 55
957 574 69
969 561 70
978 565 57
961 583 56
1599 0 1
1592 8 0
1592 7 1
1591 7 2
1588 12 0
1588 10 2
1588 11 1
1588 9 3
1582 18 0
1582 13 5
1579 20 1
1577 20 3
1575 19 6
1568 28 4
1565 28 7
1559 32 9
1553 40 7
1549 42 9
1544 54 2
1542 45 13
1537 54 9
1538 54 8
1533 57 10
1527 62 11
1521 56 23
1496 88 16
1486 87 27
1463 120 17
1466 105 29
1465 122 13
1464 113 23
1447 120 33
1427 145 28
1410 162 28
1406 160 34
1394 173 33
1397 165 38
1380 172 48
1349 210 41
1338 216 46
1331 222 47
1312 246 42
1306 228 66
1294 257 49
1280 275 45
1278 268 54
1252 294 54
1237 293 70
1201 319 80
1193 338 69
1185 338 77
1169 356 75
1155 367 78
1139 386 75
1135 386 79
1115 395 90
1106 412 82
1086 422 92
1052 460 88
1046 460 94
1039 465 96
1029 458 113
1004 495 101
1006 489 105
989 501 110
958 532 110
941 534 125
932 549 119
937 557 106
941 539 120
939 544 117
919 572 109
905 563 132
915 558 127
915 578 107
936 533 131
919 577 104
914 556 130
906 568 126
916 544 140
908 567 125
924 545 131
927 565 108
924 556 120
902 592 106
908 570 122
898 567 135
901 579 120
900 589 111
909 555 136
900 574 126
927 542 131
922 553 125
920 552 128
902 587 111
932 546 122
936 543 121
916 576 108
899 564 137
901 576 123
883 592 125
898 559 143
878 582 140
874 598 128
877 614 109
902 571 127
904 577 119
934 526 140
885 575 140
886 592 122
893 568 139
897 587 116
884 578 138
872 585 143
870 612 118
883 587 130
878 577 145
871 609 120
882 577 141
877 601 122
894 574 132
880 599 121
876 606 118
893 583 124
898 560 142
894 575 131
876 594 130
884 578 138
885 587 128
877 593 130
884 562 154
854 622 124
888 566 146
877 556 167
874 612 114
900 592 108
924 518 158
852 635 113
865 598 137
879 607 114
877 599 124
896 588 116
916 569 115
920 552 128
909 559 132
891 581 128
905 582 113
921 542 137
899 568 133
895 582 123
917 560 123
922 566 112
922 549 129
898 568 134
898 563 139
899 571 130
910 573 117
908 570 122
926 550 124
911 567 122
917 550 133
902 569 129
894 553 153
872 600 128
873 597 130
894 576 130
899 571 130
904 560 136
910 563 127
915 566 119
887 580 133
890 571 139
873 607 120
894 584 122
908 578 114
927 550 123
897 580 123
900 564 136
897 588 115
909 568 123
902 573 125
891 561 148
870 609 121
901 566 133
901 579 120
900 585 115
901 559 140
872 620 108
887 584 129
907 561 132
904 575 121
909 559 132
892 578 130
899 565 136
893 588 119
903 581 116
909 542 149
904 572 124
903 567 130
888 587 125
894 579 127
892 590 118
917 545 138
900 575 125
884 569 147
884 587 129
883 586 131
892 572 136
889 583 128
890 571 139
895 562 143
881 567 152
884 598 118
884 585 131
902 562 136
903 568 129
913 566 121
923 544 133
904 572 124
910 577 113
902 562 136
902 588 110
909 553 138
898 581 121
900 566 134
896 592 112
891 560 149
886 583 131
883 578 139
908 561 131
907 575 118
907 560 133
903 567 130
896 581 123
904 558 138
881 595 124
878 583 139
888 576 136
882 607 111
906 561 133
898 605 97
901 554 145
901 570 129
902 576 122
902 550 148
875 605 120
876 570 154
860 609 131
880 579 141
899 583 118
878 595 127
890 591 119
912 566 122
920 550 130
904 578 118
895 572 133
886 578 136
888 590 122
876 595 129
869 586 145
872 593 135
878 586 136
893 582 125
886 583 131
896 566 138
893 595 112
897 589 114
905 565 130
892 581 127
898 571 131
912 532 156
894 569 137
891 578 131
894 572 134
883 593 124
905 549 146
897 577 126
889 588 123
902 584 114
902 557 141
887 582 131
895 586 119
924 554 122
927 553 120
912 560 128
897 578 125
899 555 146
901 562 137
897 584 119
922 547 131
884 619 97
893 582 125
891 583 126
902 568 130
899 587 114
919 551 130
924 546 130
910 558 132
885 599 116
885 598 117
912 550 138
905 572 123
908 569 123
924 557 119
926 544 130
895 583 122
899 574 127
890 568 142
910 573 117
899 581 120
903 578 119
890 594 116
903 581 116
906 552 142
893 579 128
878 585 137
878 596 126
885 570 145
881 575 144
875 599 126
881 590 129
904 565 131
883 581 136
879 587 134
882 585 133
882 574 144
886 588 126
894 596 110
913 562 125
908 562 130
884 617 99
900 577 123
921 556 123
926 549 125
911 585 104
906 568 126
907 569 124
919 568 113
918 577 105
937 556 107
926 545 129
901 583 116
894 582 124
904 558 138
895 577 128
910 552 138
887 596 117
893 558 149
895 568 137
901 583 116
893 596 111
910 561 129
915 545 140
897 574 129
896 577 127
898 580 122
940 544 116
939 542 119
924 556 120
906 560 134
881 611 108
895 564 141
894 586 120
915 552 133
916 553 131
885 585 130
885 552 163
887 607 106
898 542 160
871 611 118
887 570 143
881 592 127
887 572 141
863 601 136
861 611 128
879 585 136
886 577 137
888 590 122
878 594 128
876 569 155
869 610 121
886 581 133
920 567 113
897 576 127
884 596 120
896 578 126
880 607 113
907 572 121
914 562 124
897 585 118
897 572 131
908 544 148
871 602 127
878 580 142
881 575 144
908 550 142
880 615 105
892 569 139
881 597 122
906 579 115
917 536 147
904 566 130
923 564 113
923 550 127
916 555 129
910 569 121
918 578 104
919 545 136
925 555 120
907 581 112
904 578 118
906 568 126
914 569 117
918 563 119
917 562 121
919 539 142
902 577 121
910 551 139
893 591 116
894 565 141
904 566 130
891 578 131
888 586 126
907 567 126
905 560 135
903 576 121
927 550 123
915 567 118
904 574 122
901 538 161
866 623 111
902 566 132
895 584 121
904 559 137
899 584 117
894 577 129
907 565 128
896 572 132
880 590 130
879 581 140
890 570 140
886 588 126
888 573 139
887 597 116
910 547 143
883 592 125
877 587 136
875 597 128
881 592 127
900 575 125
918 556 126
894 587 119
911 560 129
902 581 117
913 557 130
904 559 137
893 560 147
869 590 141
882 594 124
882 585 133
891 581 128
898 560 142
870 599 131
890 585 125
909 559 132
910 542 148
897 588 115
909 559 132
889 580 131
880 607 113
899 566 135
888 593 119
912 576 112
911 562 127
903 566 131
873 590 137
871 590 139
888 575 137
880 584 136
905 580 115
902 547 151
866 596 138
877 591 132
883 608 109
887 590 123
901 581 118
900 578 122
897 575 128
897 560 143
892 582 126
913 569 118
910 567 123
894 575 131
892 578 130
892 572 136
913 563 124
878 592 130
885 591 124
878 595 127
886 574 140
878 596 126
899 559 142
890 571 139
900 587 113
916 566 118
923 557 120
930 542 128
911 558 131
901 587 112
894 583 123
910 542 148
887 591 122
880 568 152
885 578 137
902 564 134
889 604 107
897 582 121
900 571 129
900 575 125
903 570 127
888 583 129
898 578 124
902 561 137
896 563 141
891 571 138
875 596 129
889 565 146
886 575 139
891 554 155
867 594 139
888 574 138
895 577 128
896 588 116
903 559 138
882 591 127
878 588 134
891 589 120
901 571 128
901 569 130
893 574 133
879 611 110
905 574 121
909 560 131
928 563 109
943 544 113
947 547 106
924 569 107
914 550 136
909 569 122
899 591 110
905 554 141
898 558 144
917 546 137
886 600 114
912 553 135
913 567 120
906 561 133
910 563 127
915 547 138
903 567 130
881 585 134
906 579 115
931 547 122
929 540 131
904 569 127
889 588 123
912 562 126
885 600 115
875 585 140
886 577 137
887 575 138
878 588 134
887 585 128
895 566 139
899 569 132
884 577 139
890 585 125
894 574 132
896 581 123
902 559 139
898 556 146
889 592 119
881 581 138
880 563 157
860 608 132
886 571 143
885 589 126
887 594 119
889 584 127
885 587 128
893 582 125
889 572 139
871 587 142
883 582 135
893 574 133
886 567 147
878 597 125
887 579 134
903 564 133
915 539 146
905 573 122
895 564 141
879 599 122
888 580 132
894 583 123
897 572 131
901 579 120
892 574 134
858 621 121
867 581 152
873 610 117
876 594 130
874 598 128
887 579 134
881 587 132
916 551 133
920 551 129
870 597 133
881 568 151
880 581 139
875 590 135
901 560 139
905 563 132
893 566 141
877 567 156
856 596 148
868 596 136
875 593 132
895 554 151
886 589 125
894 567 139
913 547 140
884 587 129
885 564 151
908 536 156
853 603 144
855 581 164
876 568 156
866 586 148
870 579 151
884 550 166
875 586 139
890 540 170
891 564 145
902 549 149
897 555 148
887 561 152
900 537 163
887 567 146
894 564 142
906 543 151
888 547 165
888 548 164
876 570 154
865 586 149
879 546 175
874 546 180
843 608 149
844 585 171
861 577 162
869 575 156
868 575 157
858 571 171
851 605 144
856 583 161
862 569 169
867 579 154
871 564 165
874 565 161
878 560 162
868 555 177
864 580 156
865 565 170
869 550 181
856 592 152
853 574 173
864 555 181
876 550 174
862 561 177
861 558 181
857 561 182
861 551 188
858 568 174
886 536 178
860 563 177
849 568 183
866 526 208
853 567 180
854 542 204
838 563 199
834 553 213
825 573 202
821 579 200
829 570 201
842 545 213
852 553 195
856 540 204
843 545 212
827 575 198
831 546 223
840 555 205
832 549 219
829 551 220
839 541 220
817 549 234
810 537 253
794 588 218
812 542 246
809 533 258
793 570 237
805 544 251
798 570 232
802 562 236
818 545 237
806 552 242
810 527 263
814 540 246
826 558 216
842 526 232
834 523 243
829 517 254
814 530 256
814 537 249
817 519 264
808 524 268
796 559 245
788 531 281
790 508 302
781 545 274
780 536 284
779 540 281
785 532 283
790 496 314
779 532 289
803 521 276
808 489 303
801 493 306
775 524 301
779 517 304
768 511 321
770 526 304
781 505 314
761 529 310
774 490 336
758 519 323
748 496 356
737 518 345
737 516 347
754 502 344
753 512 335
766 468 366
754 502 344
758 472 370
748 501 351
772 463 365
751 481 368
728 496 376
715 510 375
703 529 368
725 493 382
727 492 381
729 506 365
735 491 374
729 479 392
721 495 384
713 481 406
721 475 404
697 499 404
708 484 408
720 480 400
732 480 388
745 452 403
723 480 397
710 480 410
699 490 411
718 461 421
704 486 410
692 473 435
693 461 446
700 467 433
712 461 427
706 464 430
695 452 453
674 488 438
670 473 457
675 488 437
677 457 466
683 468 449
679 482 439
693 455 452
686 461 453
703 430 467
685 449 466
678 447 475
662 454 484
658 453 489
663 450 487
671 426 503
642 472 486
657 441 502
648 466 486
657 442 501
656 448 496
656 428 516
643 440 517
641 441 518
634 452 514
631 453 516
653 421 526
646 414 540
633 416 551
641 419 540
638 412 550
622 446 532
626 419 555
625 412 563
615 426 559
611 418 571
607 425 568
613 428 559
611 430 559
621 402 577
592 440 568
613 401 586
621 415 564
626 391 583
608 415 577
607 386 607
586 403 611
579 414 607
586 399 615
583 394 623
568 407 625
549 438 613
568 418 614
580 384 636
559 411 630
570 390 640
577 383 640
576 366 658
554 379 667
549 391 660
558 388 654
573 359 668
585 355 660
572 365 663
577 357 666
554 375 671
544 382 674
553 373 674
556 360 684
546 358 696
537 382 681
540 355 705
528 371 701
521 388 691
534 363 703
520 385 695
536 354 710
532 362 706
531 343 726
515 352 733
510 360 730
503 366 731
516 324 760
490 364 746
508 313 779
504 337 759
487 348 765
482 341 777
469 365 766
475 330 795
472 337 791
485 323 792
472 333 795
470 326 804
479 308 813
472 309 819
440 343 817
444 335 821
445 314 841
443 329 828
450 309 841
447 319 834
451 317 832
445 294 861
423 316 861
419 339 842
424 307 869
411 319 870
412 316 872
424 304 872
422 298 880
424 285 891
421 295 884
407 304 889
401 297 902
398 297 905
399 283 918
398 280 922
379 291 930
386 289 925
370 282 948
366 274 960
362 286 952
349 307 944
362 283 955
370 272 958
362 275 963
369 253 978
357 262 981
367 257 976
341 264 995
340 275 985
346 265 989
342 259 999
337 246 1017
327 254 1019
322 251 1027
307 260 1033
312 256 1032
311 253 1036
327 233 1040
323 234 1043
315 250 1035
310 239 1051
313 221 1066
306 222 1072
290 233 1077
294 227 1079
288 227 1085
279 232 1089
277 234 1089
273 234 1093
284 210 1106
286 212 1102
276 198 1126
258 227 1115
262 217 1121
250 221 1129
246 216 1138
242 215 1143
244 209 1147
243 202 1155
237 213 1150
240 191 1169
236 193 1171
236 200 1164
231 193 1176
236 176 1188
231 180 1189
227 185 1188
228 183 1189
229 175 1196
235 167 1198
219 185 1196
216 181 1203
225 160 1215
219 160 1221
223 159 1218
208 169 1223
213 161 1226
216 155 1229
203 166 1231
203 155 1242
202 151 1247
195 151 1254
196 148 1256
193 144 1263
185 153 1262
180 153 1267
191 134 1275
179 143 1278
169 145 1286
164 139 1297
164 136 1300
162 127 1311
161 126 1313
152 125 1323
145 134 1321
152 124 1324
150 115 1335
136 127 1337
142 117 1341
134 126 1340
124 129 1347
129 109 1362
113 133 1354
114 126 1360
117 121 1362
122 111 1367
112 117 1371
114 107 1379
113 113 1374
119 102 1379
118 93 1389
114 89 1397
105 101 1394
112 87 1401
108 90 1402
100 91 1409
1599 0 1
1591 8 1
1591 7 2
1589 8 3
1588 9 3
1589 5 6
1578 16 6
1577 15 8
1574 15 11
1570 17 13
1563 21 16
1551 30 19
1546 34 20
1546 30 24
1539 34 27
1533 36 31
1528 34 38
1511 49 40
1510 45 45
1505 42 53
1488 53 59
1477 62 61
1475 60 65
1470 57 73
1462 58 80
1454 62 84
1450 59 91
1436 67 97
1432 60 108
1411 77 112
1410 74 116
1405 74 121
1389 84 127
1387 79 134
1379 80 141
1367 89 144
1363 85 152
1354 83 163
1343 87 170
1327 95 178
1308 106 186
1297 110 193
1277 119 204
1258 127 215
1244 133 223
1231 135 234
1217 142 241
1210 141 249
1197 147 256
1189 141 270
1175 141 284
1153 159 288
1141 158 301
1123 171 306
1111 158 331
1071 192 337
1058 183 359
1036 186 378
1016 186 398
991 192 417
965 207 428
952 201 447
934 202 464
915 208 477
911 192 497
884 200 516
860 203 537
843 204 553
814 208 578
778 219 603
756 225 619
720 236 644
691 247 662
678 243 679
668 232 700
642 240 718
625 237 738
600 243 757
581 238 781
553 246 801
542 240 818
526 237 837
507 237 856
495 226 879
463 237 900
444 237 919
427 235 938
413 236 951
404 224 972
394 211 995
382 208 1010
376 200 1024
361 198 1041
347 193 1060
329 192 1079
317 183 1100
294 191 1115
278 187 1135
264 182 1154
244 181 1175
230 171 1199
209 181 1210
203 171 1226
190 174 1236
181 165 1254
160 179 1261
159 165 1276
154 156 1290
144 139 1317
119 147 1334
106 139 1355
95 136 1369
84 130 1386
77 127 1396
69 124 1407
65 117 1418
57 114 1429
44 117 1439
41 106 1453
40 96 1464
39 86 1475
33 87 1480
29 84 1487
21 85 1494
21 74 1505
17 70 1513
15 67 1518
14 61 1525
10 58 1532
8 53 1539
8 49 1543
8 45 1547
6 40 1554
5 40 1555
5 38 1557
5 34 1561
2 30 1568
1 31 1568
1 30 1569
1 27 1572
1 22 1577
0 20 1580
0 20 1580
0 19 1581
0 17 1583
0 15 1585
0 13 1587
0 11 1589
0 9 1591
0 8 1592
0 8 1592
0 8 1592
0 8 1592
0 8 1592
0 7 1593
0 7 1593
0 7 1593
0 6 1594
0 6 1594
0 6 1594
0 6 1594
0 6 1594
0 4 1596
0 4 1596
0 4 1596
0 4 1596
0 3 1597
0 2 1598
0 2 1598
0 2 1598
0 1 1599
0 1 1599
0 1 1599
0 1 1599
0 1 1599
0 1 1599
0 1 1599
0 1 1599
0 0 1600
0 0 1600
0 0 1600
0 0 1600
0 0 1600
0 0 1600
0 0 1600
0 0 1600
0 0 1600
0 0 1600
0 0 1600
0 0 1600
0 0 1600
0 0 1600
0 0 1600
0 0 1600
0 0 1600
0 0 1600
0 0 1600
0 0 1600
0 0 1600
0 0 1600
0 0 1600
0 0 1600
0 0 1600
0 0 1600
0 0 1600
0 0 1600
0 0 1600
0 0 1600
0 0 1600
0 0 1600
0 0 1600
0 0 1600
0 0 1600
0 0 1600
0 0 1600
0 0 1600
0 0 1600
0 0 1600
0 0 1600
0 0 1600
0 0 1600
0 0 1600
0 0 1600
0 0 1600
0 0 1600
0 0 1600
0 0 1600
0 0 1600
0 0 1600
0 0 1600
0 0 1600
0 0 1600
0 0 1600
0 0 1600
0 0 1600
0 0 1600
0 0 1600
0 0 1600
0 0 1600
0 0 1600
0 0 1600
0 0 1600
0 0 1600
0 0 1600
0 0 1600
0 0 1600
0 0 1600
0 0 1600
0 0 1600
0 0 1600
0 0 1600
0 0 1600
0 0 1600
0 0 1600
0 0 1600
0 0 1600
0 0 1600
0 0 1600
0 0 1600
0 0 1600
0 0 1600
0 0 1600
0 0 1600
0 0 1600
0 0 1600
0 0 1600
0 0 1600
0 0 1600
0 0 1600
0 0 1600
0 0 1600
0 0 1600
0 0 1600
0 0 1600
0 0 1600
0 0 1600
0 0 1600
0 0 1600
0 0 1600
0 0 1600
0 0 1600
0 0 1600
0 0 1600
0 0 1600
0 0 1600
0 0 1600
0 0 1600
0 0 1600
0 0 1600
0 0 1600
0 0 1600
0 0 1600
0 0 1600
0 0 1600
0 0 1600
0 0 1600
0 0 1600
0 0 1600
0 0 1600
0 0 1600
0 0 1600
0 0 1600
0 0 1600
0 0 1600
0 0 1600
0 0 1600
0 0 1600
0 0 1600
0 0 1600
0 0 1600
0 0 1600
0 0 1600
0 0 1600
0 0 1600
0 0 1600
0 0 1600
0 0 1600
0 0 1600
0 0 1600
0 0 1600
0 0 1600
0 0 1600
0 0 1600
0 0 1600
0 0 1600
0 0 1600
0 0 1600
0 0 1600
0 0 1600
0 0 1600
0 0 1600
0 0 1600
0 0 1600
0 0 1600
0 0 1600
0 0 1600
0 0 1600
0 0 1600
0 0 1600
0 0 1600
0 0 1600
0 0 1600
0 0 1600
0 0 1600
0 0 1600
0 0 1600
0 0 1600
0 0 1600
0 0 1600
0 0 1600
0 0 1600
0 0 1600
0 0 1600
0 0 1600
0 0 1600
0 0 1600
0 0 1600
0 0 1600
0 0 1600
0 0 1600
0 0 1600
0 0 1600
0 0 1600
0 0 1600
0 0 1600
0 0 1600
0 0 1600
0 0 1600
0 0 1600
0 0 1600
0 0 1600
0 0 1600
0 0 1600
0 0 1600
0 0 1600
0 0 1600
0 0 1600
0 0 1600
0 0 1600
0 0 1600
0 0 1600
0 0 1600
0 0 1600
0 0 1600
0 0 1600
0 0 1600
0 0 1600
0 0 1600
0 0 1600
0 0 1600
0 0 1600
0 0 1600
0 0 1600
0 0 1600
0 0 1600
0 0 1600
0 0 1600
0 0 1600
0 0 1600
0 0 1600
0 0 1600
0 0 1600
0 0 1600
0 0 1600
0 0 1600
0 0 1600
0 0 1600
0 0 1600
0 0 1600
0 0 1600
0 0 1600
0 0 1600
0 0 1600
0 0 1600
0 0 1600
0 0 1600
0 0 1600
0 0 1600
0 0 1600
0 0 1600
0 0 1600
0 0 1600
0 0 1600
0 0 1600
0 0 1600
0 0 1600
0 0 1600
0 0 1600
0 0 1600
0 0 1600
0 0 1600
0 0 1600
0 0 1600
0 0 1600
0 0 1600
0 0 1600
0 0 1600
0 0 1600
0 0 1600
0 0 1600
0 0 1600
0 0 1600
0 0 1600
0 0 1600
0 0 1600
0 0 1600
0 0 1600
0 0 1600
0 0 1600
0 0 1600
0 0 1600
0 0 1600
0 0 1600
0 0 1600
0 0 1600
0 0 1600
0 0 1600
0 0 1600
0 0 1600
0 0 1600
0 0 1600
0 0 1600
0 0 1600
0 0 1600
0 0 1600
0 0 1600
0 0 1600
0 0 1600
0 0 1600
0 0 1600
0 0 1600
0 0 1600
0 0 1600
0 0 1600
0 0 1600
0 0 1600
0 0 1600
0 0 1600
0 0 1600
0 0 1600
0 0 1600
0 0 1600
0 0 1600
0 0 1600
0 0 1600
0 0 1600
0 0 1600
0 0 1600
0 0 1600
0 0 1600
0 0 1600
0 0 1600
0 0 1600
0 0 1600
0 0 1600
0 0 1600
0 0 1600
0 0 1600
0 0 1600
0 0 1600
0 0 1600
0 0 1600
0 0 1600
0 0 1600
0 0 1600
0 0 1600
0 0 1600
0 0 1600
0 0 1600
0 0 1600
0 0 1600
0 0 1600
0 0 1600
0 0 1600
0 0 1600
0 0 1600
0 0 1600
0 0 1600
0 0 1600
0 0 1600
0 0 1600
0 0 1600
0 0 1600
0 0 1600
0 0 1600
0 0 1600
0 0 1600
0 0 1600
0 0 1600
0 0 1600
0 0 1600
0 0 1600
0 0 1600
0 0 1600
0 0 1600
0 0 1600
0 0 1600
0 0 1600
0 0 1600
0 0 1600
0 0 1600
0 0 1600
0 0 1600
0 0 1600
0 0 1600
0 0 1600
0 0 1600
0 0 1600
0 0 1600
0 0 1600
0 0 1600
0 0 1600
0 0 1600
0 0 1600
0 0 1600
0 0 1600
0 0 1600
0 0 1600
0 0 1600
0 0 1600
0 0 1600
0 0 1600
0 0 1600
0 0 1600
0 0 1600
0 0 1600
0 0 1600
0 0 1600
0 0 1600
0 0 1600
0 0 1600
0 0 1600
0 0 1600
0 0 1600
0 0 1600
0 0 1600
0 0 1600
0 0 1600
0 0 1600
0 0 1600
0 0 1600
0 0 1600
0 0 1600
0 0 1600
0 0 1600
0 0 1600
0 0 1600
0 0 1600
0 0 1600
0 0 1600
0 0 1600
0 0 1600
0 0 1600
0 0 1600
0 0 1600
0 0 1600
0 0 1600
0 0 1600
0 0 1600
0 0 1600
0 0 1600
0 0 1600
0 0 1600
0 0 1600
0 0 1600
0 0 1600
0 0 1600
0 0 1600
0 0 1600
0 0 1600
0 0 1600
0 0 1600
0 0 1600
0 0 1600
0 0 1600
0 0 1600
0 0 1600
0 0 1600
0 0 1600
0 0 1600
0 0 1600
0 0 1600
0 0 1600
0 0 1600
0 0 1600
0 0 1600
0 0 1600
0 0 1600
0 0 1600
0 0 1600
0 0 1600
0 0 1600
0 0 1600
0 0 1600
0 0 1600
0 0 1600
0 0 1600
0 0 1600
0 0 1600
0 0 1600
0 0 1600
0 0 1600
0 0 1600
0 0 1600
0 0 1600
0 0 1600
0 0 1600
0 0 1600
0 0 1600
0 0 1600
0 0 1600
0 0 1600
0 0 1600
0 0 1600
0 0 1600
0 0 1600
0 0 1600
0 0 1600
0 0 1600
0 0 1600
0 0 1600
0 0 1600
0 0 1600
0 0 1600
0 0 1600
0 0 1600
0 0 1600
0 0 1600
0 0 1600
0 0 1600
0 0 1600
0 0 1600
0 0 1600
0 0 1600
0 0 1600
0 0 1600
0 0 1600
0 0 1600
0 0 1600
0 0 1600
0 0 1600
0 0 1600
0 0 1600
0 0 1600
0 0 1600
0 0 1600
0 0 1600
0 0 1600
0 0 1600
0 0 1600
0 0 1600
0 0 1600
0 0 1600
0 0 1600
0 0 1600
0 0 1600
0 0 1600
0 0 1600
0 0 1600
0 0 1600
0 0 1600
0 0 1600
0 0 1600
0 0 1600
0 0 1600
0 0 1600
0 0 1600
0 0 1600
0 0 1600
0 0 1600
0 0 1600
0 0 1600
0 0 1600
0 0 1600
0 0 1600
0 0 1600
0 0 1600
0 0 1600
0 0 1600
0 0 1600
0 0 1600
0 0 1600
0 0 1600
0 0 1600
0 0 1600
0 0 1600
0 0 1600
0 0 1600
0 0 1600
0 0 1600
0 0 1600
0 0 1600
0 0 1600
0 0 1600
0 0 1600
0 0 1600
0 0 1600
0 0 1600
0 0 1600
0 0 1600
0 0 1600
0 0 1600
0 0 1600
0 0 1600
0 0 1600
0 0 1600
0 0 1600
0 0 1600
0 0 1600
0 0 1600
0 0 1600
0 0 1600
0 0 1600
0 0 1600
0 0 1600
0 0 1600
0 0 1600
0 0 1600
0 0 1600
0 0 1600
0 0 1600
0 0 1600
0 0 1600
0 0 1600
0 0 1600
0 0 1600
0 0 1600
0 0 1600
0 0 1600
0 0 1600
0 0 1600
0 0 1600
0 0 1600
0 0 1600
0 0 1600
0 0 1600
0 0 1600
0 0 1600
0 0 1600
0 0 1600
0 0 1600
0 0 1600
0 0 1600
0 0 1600
0 0 1600
0 0 1600
0 0 1600
0 0 1600
0 0 1600
0 0 1600
0 0 1600
0 0 1600
0 0 1600
0 0 1600
0 0 1600
0 0 1600
0 0 1600
0 0 1600
0 0 1600
0 0 1600
0 0 1600
0 0 1600
0 0 1600
0 0 1600
0 0 1600
0 0 1600
0 0 1600
0 0 1600
0 0 1600
0 0 1600
0 0 1600
0 0 1600
0 0 1600
0 0 1600
0 0 1600
0 0 1600
0 0 1600
0 0 1600
0 0 1600
0 0 1600
0 0 1600
0 0 1600
0 0 1600
0 0 1600
0 0 1600
0 0 1600
0 0 1600
0 0 1600
0 0 1600
0 0 1600
0 0 1600
0 0 1600
0 0 1600
0 0 1600
0 0 1600
0 0 1600
0 0 1600
0 0 1600
0 0 1600
0 0 1600
0 0 1600
0 0 1600
0 0 1600
0 0 1600
0 0 1600
0 0 1600
0 0 1600
0 0 1600
0 0 1600
0 0 1600
0 0 1600
0 0 1600
0 0 1600
0 0 1600
0 0 1600
0 0 1600
0 0 1600
0 0 1600
0 0 1600
0 0 1600
0 0 1600
0 0 1600
0 0 1600
0 0 1600
0 0 1600
0 0 1600
0 0 1600
0 0 1600
0 0 1600
0 0 1600
0 0 1600
0 0 1600
0 0 1600
0 0 1600
0 0 1600
0 0 1600
0 0 1600
0 0 1600
0 0 1600
0 0 1600
0 0 1600
0 0 1600
0 0 1600
0 0 1600
0 0 1600
0 0 1600
0 0 1600
0 0 1600
0 0 1600
0 0 1600
0 0 1600
0 0 1600
0 0 1600
0 0 1600
0 0 1600
0 0 1600
0 0 1600
0 0 1600
0 0 1600
0 0 1600
0 0 1600
0 0 1600
0 0 1600
0 0 1600
0 0 1600
0 0 1600
0 0 1600
0 0 1600
0 0 1600
0 0 1600
0 0 1600
0 0 1600
0 0 1600
0 0 1600
0 0 1600
0 0 1600
0 0 1600
0 0 1600
0 0 1600
0 0 1600
0 0 1600
0 0 1600
0 0 1600
0 0 1600
0 0 1600
0 0 1600
0 0 1600
0 0 1600
0 0 1600
0 0 1600
0 0 1600
0 0 1600
0 0 1600
0 0 1600
0 0 1600
0 0 1600
0 0 1600
0 0 1600
0 0 1600
0 0 1600
0 0 1600
0 0 1600
0 0 1600
0 0 1600
0 0 1600
0 0 1600
0 0 1600
0 0 1600
0 0 1600
0 0 1600
0 0 1600
0 0 1600
0 0 1600
0 0 1600
0 0 1600
0 0 1600
0 0 1600
0 0 1600
0 0 1600
0 0 1600
0 0 1600
0 0 1600
0 0 1600
0 0 1600
0 0 1600
0 0 1600
0 0 1600
0 0 1600
0 0 1600
0 0 1600
0 0 1600
0 0 1600
0 0 1600
0 0 1600
0 0 1600
0 0 1600
0 0 1600
0 0 1600
0 0 1600
0 0 1600
0 0 1600
0 0 1600
0 0 1600
0 0 1600
0 0 1600
0 0 1600
0 0 1600
0 0 1600
0 0 1600
0 0 1600
0 0 1600
0 0 1600
0 0 1600
0 0 1600
0 0 1600
0 0 1600
0 0 1600
0 0 1600
0 0 1600
0 0 1600
0 0 1600
1599 0 1
1591 8 1
1592 2 6
1582 14 4
1581 8 11
1567 21 12
1564 19 17
1558 25 17
1550 25 25
1533 40 27
1525 34 41
1500 45 55
1492 39 69
1462 60 78
1454 52 94
1434 64 102
1415 66 119
1396 63 141
1353 87 160
1326 82 192
1295 75 230
1255 85 260
1225 85 290
1192 81 327
1155 103 342
1133 88 379
1082 120 398
1043 113 444
992 115 493
944 131 525
914 98 588
843 138 619
822 104 674
745 142 713
709 125 766
640 146 814
593 147 860
533 134 933
469 158 973
416 137 1047
348 151 1101
298 154 1148
253 136 1211
189 156 1255
150 132 1318
117 109 1374
83 107 1410
69 75 1456
50 66 1484
44 43 1513
31 39 1530
26 28 1546
15 28 1557
14 20 1566
8 20 1572
7 15 1578
5 10 1585
2 9 1589
2 4 1594
0 3 1597
0 0 1600
0 0 1600
0 0 1600
0 0 1600
0 0 1600
0 0 1600
0 0 1600
0 0 1600
0 0 1600
0 0 1600
0 0 1600
0 0 1600
0 0 1600
0 0 1600
0 0 1600
0 0 1600
0 0 1600
0 0 1600
0 0 1600
0 0 1600
0 0 1600
0 0 1600
0 0 1600
0 0 1600
0 0 1600
0 0 1600
0 0 1600
0 0 1600
0 0 1600
0 0 1600
0 0 1600
0 0 1600
0 0 1600
0 0 1600
0 0 1600
0 0 1600
0 0 1600
0 0 1600
0 0 1600
0 0 1600
0 0 1600
0 0 1600
0 0 1600
0 0 1600
0 0 1600
0 0 1600
0 0 1600
0 0 1600
0 0 1600
0 0 1600
0 0 1600
0 0 1600
0 0 1600
0 0 1600
0 0 1600
0 0 1600
0 0 1600
0 0 1600
0 0 1600
0 0 1600
0 0 1600
0 0 1600
0 0 1600
0 0 1600
0 0 1600
0 0 1600
0 0 1600
0 0 1600
0 0 1600
0 0 1600
0 0 1600
0 0 1600
0 0 1600
0 0 1600
0 0 1600
0 0 1600
0 0 1600
0 0 1600
0 0 1600
0 0 1600
0 0 1600
0 0 1600
0 0 1600
0 0 1600
0 0 1600
0 0 1600
0 0 1600
0 0 1600
0 0 1600
0 0 1600
0 0 1600
0 0 1600
0 0 1600
0 0 1600
0 0 1600
0 0 1600
0 0 1600
0 0 1600
0 0 1600
0 0 1600
0 0 1600
0 0 1600
0 0 1600
0 0 1600
0 0 1600
0 0 1600
0 0 1600
0 0 1600
0 0 1600
0 0 1600
0 0 1600
0 0 1600
0 0 1600
0 0 1600
0 0 1600
0 0 1600
0 0 1600
0 0 1600
0 0 1600
0 0 1600
0 0 1600
0 0 1600
0 0 1600
0 0 1600
0 0 1600
0 0 1600
0 0 1600
0 0 1600
0 0 1600
0 0 1600
0 0 1600
0 0 1600
0 0 1600
0 0 1600
0 0 1600
0 0 1600
0 0 1600
0 0 1600
0 0 1600
0 0 1600
0 0 1600
0 0 1600
0 0 1600
0 0 1600
0 0 1600
0 0 1600
0 0 1600
0 0 1600
0 0 1600
0 0 1600
0 0 1600
0 0 1600
0 0 1600
0 0 1600
0 0 1600
0 0 1600
0 0 1600
0 0 1600
0 0 1600
0 0 1600
0 0 1600
0 0 1600
0 0 1600
0 0 1600
0 0 1600
0 0 1600
0 0 1600
0 0 1600
0 0 1600
0 0 1600
0 0 1600
0 0 1600
0 0 1600
0 0 1600
0 0 1600
0 0 1600
0 0 1600
0 0 1600
0 0 1600
0 0 1600
0 0 1600
0 0 1600
0 0 1600
0 0 1600
0 0 1600
0 0 1600
0 0 1600
0 0 1600
0 0 1600
0 0 1600
0 0 1600
0 0 1600
0 0 1600
0 0 1600
0 0 1600
0 0 1600
0 0 1600
0 0 1600
0 0 1600
0 0 1600
0 0 1600
0 0 1600
0 0 1600
0 0 1600
0 0 1600
0 0 1600
0 0 1600
0 0 1600
0 0 1600
0 0 1600
0 0 1600
0 0 1600
0 0 1600
0 0 1600
0 0 1600
0 0 1600
0 0 1600
0 0 1600
0 0 1600
0 0 1600
0 0 1600
0 0 1600
0 0 1600
0 0 1600
0 0 1600
0 0 1600
0 0 1600
0 0 1600
0 0 1600
0 0 1600
0 0 1600
0 0 1600
0 0 1600
0 0 1600
0 0 1600
0 0 1600
0 0 1600
0 0 1600
0 0 1600
0 0 1600
0 0 1600
0 0 1600
0 0 1600
0 0 1600
0 0 1600
0 0 1600
0 0 1600
0 0 1600
0 0 1600
0 0 1600
0 0 1600
0 0 1600
0 0 1600
0 0 1600
0 0 1600
0 0 1600
0 0 1600
0 0 1600
0 0 1600
0 0 1600
0 0 1600
0 0 1600
0 0 1600
0 0 1600
0 0 1600
0 0 1600
0 0 1600
0 0 1600
0 0 1600
0 0 1600
0 0 1600
0 0 1600
0 0 1600
0 0 1600
0 0 1600
0 0 1600
0 0 1600
0 0 1600
0 0 1600
0 0 1600
0 0 1600
0 0 1600
0 0 1600
0 0 1600
0 0 1600
0 0 1600
0 0 1600
0 0 1600
0 0 1600
0 0 1600
0 0 1600
0 0 1600
0 0 1600
0 0 1600
0 0 1600
0 0 1600
0 0 1600
0 0 1600
0 0 1600
0 0 1600
0 0 1600
0 0 1600
0 0 1600
0 0 1600
0 0 1600
0 0 1600
0 0 1600
0 0 1600
0 0 1600
0 0 1600
0 0 1600
0 0 1600
0 0 1600
0 0 1600
0 0 1600
0 0 1600
0 0 1600
0 0 1600
0 0 1600
0 0 1600
0 0 1600
0 0 1600
0 0 1600
0 0 1600
0 0 1600
0 0 1600
0 0 1600
0 0 1600
0 0 1600
0 0 1600
0 0 1600
0 0 1600
0 0 1600
0 0 1600
0 0 1600
0 0 1600
0 0 1600
0 0 1600
0 0 1600
0 0 1600
0 0 1600
0 0 1600
0 0 1600
0 0 1600
0 0 1600
0 0 1600
0 0 1600
0 0 1600
0 0 1600
0 0 1600
0 0 1600
0 0 1600
0 0 1600
0 0 1600
0 0 1600
0 0 1600
0 0 1600
0 0 1600
0 0 1600
0 0 1600
0 0 1600
0 0 1600
0 0 1600
0 0 1600
0 0 1600
0 0 1600
0 0 1600
0 0 1600
0 0 1600
0 0 1600
0 0 1600
0 0 1600
0 0 1600
0 0 1600
0 0 1600
0 0 1600
0 0 1600
0 0 1600
0 0 1600
0 0 1600
0 0 1600
0 0 1600
0 0 1600
0 0 1600
0 0 1600
0 0 1600
0 0 1600
0 0 1600
0 0 1600
0 0 1600
0 0 1600
0 0 1600
0 0 1600
0 0 1600
0 0 1600
0 0 1600
0 0 1600
0 0 1600
0 0 1600
0 0 1600
0 0 1600
0 0 1600
0 0 1600
0 0 1600
0 0 1600
0 0 1600
0 0 1600
0 0 1600
0 0 1600
0 0 1600
0 0 1600
0 0 1600
0 0 1600
0 0 1600
0 0 1600
0 0 1600
0 0 1600
0 0 1600
0 0 1600
0 0 1600
0 0 1600
0 0 1600
0 0 1600
0 0 1600
0 0 1600
0 0 1600
0 0 1600
0 0 1600
0 0 1600
0 0 1600
0 0 1600
0 0 1600
0 0 1600
0 0 1600
0 0 1600
0 0 1600
0 0 1600
0 0 1600
0 0 1600
0 0 1600
0 0 1600
0 0 1600
0 0 1600
0 0 1600
0 0 1600
0 0 1600
0 0 1600
0 0 1600
0 0 1600
0 0 1600
0 0 1600
0 0 1600
0 0 1600
0 0 1600
0 0 1600
0 0 1600
0 0 1600
0 0 1600
0 0 1600
0 0 1600
0 0 1600
0 0 1600
0 0 1600
0 0 1600
0 0 1600
0 0 1600
0 0 1600
0 0 1600
0 0 1600
0 0 1600
0 0 1600
0 0 1600
0 0 1600
0 0 1600
0 0 1600
0 0 1600
0 0 1600
0 0 1600
0 0 1600
0 0 1600
0 0 1600
0 0 1600
0 0 1600
0 0 1600
0 0 1600
0 0 1600
0 0 1600
0 0 1600
0 0 1600
0 0 1600
0 0 1600
0 0 1600
0 0 1600
0 0 1600
0 0 1600
0 0 1600
0 0 1600
0 0 1600
0 0 1600
0 0 1600
0 0 1600
0 0 1600
0 0 1600
0 0 1600
0 0 1600
0 0 1600
0 0 1600
0 0 1600
0 0 1600
0 0 1600
0 0 1600
0 0 1600
0 0 1600
0 0 1600
0 0 1600
0 0 1600
0 0 1600
0 0 1600
0 0 1600
0 0 1600
0 0 1600
0 0 1600
0 0 1600
0 0 1600
0 0 1600
0 0 1600
0 0 1600
0 0 1600
0 0 1600
0 0 1600
0 0 1600
0 0 1600
0 0 1600
0 0 1600
0 0 1600
0 0 1600
0 0 1600
0 0 1600
0 0 1600
0 0 1600
0 0 1600
0 0 1600
0 0 1600
0 0 1600
0 0 1600
0 0 1600
0 0 1600
0 0 1600
0 0 1600
0 0 1600
0 0 1600
0 0 1600
0 0 1600
0 0 1600
0 0 1600
0 0 1600
0 0 1600
0 0 1600
0 0 1600
0 0 1600
0 0 1600
0 0 1600
0 0 1600
0 0 1600
0 0 1600
0 0 1600
0 0 1600
0 0 1600
0 0 1600
0 0 1600
0 0 1600
0 0 1600
0 0 1600
0 0 1600
0 0 1600
0 0 1600
0 0 1600
0 0 1600
0 0 1600
0 0 1600
0 0 1600
0 0 1600
0 0 1600
0 0 1600
0 0 1600
0 0 1600
0 0 1600
0 0 1600
0 0 1600
0 0 1600
0 0 1600
0 0 1600
0 0 1600
0 0 1600
0 0 1600
0 0 1600
0 0 1600
0 0 1600
0 0 1600
0 0 1600
0 0 1600
0 0 1600
0 0 1600
0 0 1600
0 0 1600
0 0 1600
0 0 1600
0 0 1600
0 0 1600
0 0 1600
0 0 1600
0 0 1600
0 0 1600
0 0 1600
0 0 1600
0 0 1600
0 0 1600
0 0 1600
0 0 1600
0 0 1600
0 0 1600
0 0 1600
0 0 1600
0 0 1600
0 0 1600
0 0 1600
0 0 1600
0 0 1600
0 0 1600
0 0 1600
0 0 1600
0 0 1600
0 0 1600
0 0 1600
0 0 1600
0 0 1600
0 0 1600
0 0 1600
0 0 1600
0 0 1600
0 0 1600
0 0 1600
0 0 1600
0 0 1600
0 0 1600
0 0 1600
0 0 1600
0 0 1600
0 0 1600
0 0 1600
0 0 1600
0 0 1600
0 0 1600
0 0 1600
0 0 1600
0 0 1600
0 0 1600
0 0 1600
0 0 1600
0 0 1600
0 0 1600
0 0 1600
0 0 1600
0 0 1600
0 0 1600
0 0 1600
0 0 1600
0 0 1600
0 0 1600
0 0 1600
0 0 1600
0 0 1600
0 0 1600
0 0 1600
0 0 1600
0 0 1600
0 0 1600
0 0 1600
0 0 1600
0 0 1600
0 0 1600
0 0 1600
0 0 1600
0 0 1600
0 0 1600
0 0 1600
0 0 1600
0 0 1600
0 0 1600
0 0 1600
0 0 1600
0 0 1600
0 0 1600
0 0 1600
0 0 1600
0 0 1600
0 0 1600
0 0 1600
0 0 1600
0 0 1600
0 0 1600
0 0 1600
0 0 1600
0 0 1600
0 0 1600
0 0 1600
0 0 1600
0 0 1600
0 0 1600
0 0 1600
0 0 1600
0 0 1600
0 0 1600
0 0 1600
0 0 1600
0 0 1600
0 0 1600
0 0 1600
0 0 1600
0 0 1600
0 0 1600
0 0 1600
0 0 1600
0 0 1600
0 0 1600
0 0 1600
0 0 1600
0 0 1600
0 0 1600
0 0 1600
0 0 1600
0 0 1600
0 0 1600
0 0 1600
0 0 1600
0 0 1600
0 0 1600
0 0 1600
0 0 1600
0 0 1600
0 0 1600
0 0 1600
0 0 1600
0 0 1600
0 0 1600
0 0 1600
0 0 1600
0 0 1600
0 0 1600
0 0 1600
0 0 1600
0 0 1600
0 0 1600
0 0 1600
0 0 1600
0 0 1600
0 0 1600
0 0 1600
0 0 1600
0 0 1600
0 0 1600
0 0 1600
0 0 1600
0 0 1600
0 0 1600
0 0 1600
0 0 1600
0 0 1600
0 0 1600
0 0 1600
0 0 1600
0 0 1600
0 0 1600
0 0 1600
0 0 1600
0 0 1600
0 0 1600
0 0 1600
0 0 1600
0 0 1600
0 0 1600
0 0 1600
0 0 1600
0 0 1600
0 0 1600
0 0 1600
0 0 1600
0 0 1600
0 0 1600
0 0 1600
0 0 1600
0 0 1600
0 0 1600
0 0 1600
0 0 1600
0 0 1600
0 0 1600
0 0 1600
0 0 1600
0 0 1600
0 0 1600
0 0 1600
0 0 1600
0 0 1600
0 0 1600
0 0 1600
0 0 1600
0 0 1600
0 0 1600
0 0 1600
0 0 1600
0 0 1600
0 0 1600
0 0 1600
0 0 1600
0 0 1600
0 0 1600
0 0 1600
0 0 1600
0 0 1600
0 0 1600
0 0 1600
0 0 1600
0 0 1600
0 0 1600
0 0 1600
0 0 1600
0 0 1600
0 0 1600
0 0 1600
0 0 1600
0 0 1600
0 0 1600
0 0 1600
0 0 1600
0 0 1600
0 0 1600
0 0 1600
0 0 1600
0 0 1600
0 0 1600
0 0 1600
0 0 1600
0 0 1600
0 0 1600
0 0 1600
0 0 1600
0 0 1600
0 0 1600
0 0 1600
0 0 1600
0 0 1600
0 0 1600
0 0 1600
0 0 1600
0 0 1600
0 0 1600
0 0 1600
0 0 1600
0 0 1600
0 0 1600
0 0 1600
0 0 1600
0 0 1600
0 0 1600
0 0 1600
0 0 1600
0 0 1600
0 0 1600
0 0 1600
0 0 1600
0 0 1600
0 0 1600
0 0 1600
0 0 1600
0 0 1600
0 0 1600
0 0 1600
0 0 1600
0 0 1600
0 0 1600
0 0 1600
0 0 1600
0 0 1600
0 0 1600
0 0 1600
0 0 1600
0 0 1600
0 0 1600
0 0 1600
0 0 1600
0 0 1600
0 0 1600
0 0 1600
0 0 1600
0 0 1600
0 0 1600
0 0 1600
0 0 1600
0 0 1600
0 0 1600
0 0 1600
0 0 1600
0 0 1600
0 0 1600
0 0 1600
0 0 1600
0 0 1600
0 0 1600
0 0 1600
0 0 1600
0 0 1600
0 0 1600
0 0 1600
0 0 1600
0 0 1600
0 0 1600
0 0 1600
0 0 1600
0 0 1600
0 0 1600
0 0 1600
0 0 1600
0 0 1600
0 0 1600
0 0 1600
0 0 1600
0 0 1600
0 0 1600
0 0 1600
0 0 1600
0 0 1600
0 0 1600
0 0 1600
0 0 1600
0 0 1600
0 0 1600
0 0 1600
0 0 1600
0 0 1600
0 0 1600
1599 0 1
1591 8 1
1591 2 7
1578 13 9
1575 4 21
1557 19 24
1551 10 39
1530 21 49
1519 12 69
1491 28 81
1479 15 106
1446 37 117
1434 15 151
1392 45 163
1377 18 205
1328 49 223
1313 22 265
1262 53 285
1241 26 333
1184 60 356
1160 28 412
1099 63 438
1073 35 492
1011 68 521
978 37 585
906 77 617
874 40 686
799 80 721
762 49 789
685 88 827
646 48 906
564 87 949
519 55 1026
436 88 1076
386 61 1153
299 102 1199
253 56 1291
148 116 1336
103 55 1442
40 66 1494
10 40 1550
0 13 1587
0 1 1599
0 0 1600
0 0 1600
0 0 1600
0 0 1600
0 0 1600
0 0 1600
0 0 1600
0 0 1600
0 0 1600
0 0 1600
0 0 1600
0 0 1600
0 0 1600
0 0 1600
0 0 1600
0 0 1600
0 0 1600
0 0 1600
0 0 1600
0 0 1600
0 0 1600
0 0 1600
0 0 1600
0 0 1600
0 0 1600
0 0 1600
0 0 1600
0 0 1600
0 0 1600
0 0 1600
0 0 1600
0 0 1600
0 0 1600
0 0 1600
0 0 1600
0 0 1600
0 0 1600
0 0 1600
0 0 1600
0 0 1600
0 0 1600
0 0 1600
0 0 1600
0 0 1600
0 0 1600
0 0 1600
0 0 1600
0 0 1600
0 0 1600
0 0 1600
0 0 1600
0 0 1600
0 0 1600
0 0 1600
0 0 1600
0 0 1600
0 0 1600
0 0 1600
0 0 1600
0 0 1600
0 0 1600
0 0 1600
0 0 1600
0 0 1600
0 0 1600
0 0 1600
0 0 1600
0 0 1600
0 0 1600
0 0 1600
0 0 1600
0 0 1600
0 0 1600
0 0 1600
0 0 1600
0 0 1600
0 0 1600
0 0 1600
0 0 1600
0 0 1600
0 0 1600
0 0 1600
0 0 1600
0 0 1600
0 0 1600
0 0 1600
0 0 1600
0 0 1600
0 0 1600
0 0 1600
0 0 1600
0 0 1600
0 0 1600
0 0 1600
0 0 1600
0 0 1600
0 0 1600
0 0 1600
0 0 1600
0 0 1600
0 0 1600
0 0 1600
0 0 1600
0 0 1600
0 0 1600
0 0 1600
0 0 1600
0 0 1600
0 0 1600
0 0 1600
0 0 1600
0 0 1600
0 0 1600
0 0 1600
0 0 1600
0 0 1600
0 0 1600
0 0 1600
0 0 1600
0 0 1600
0 0 1600
0 0 1600
0 0 1600
0 0 1600
0 0 1600
0 0 1600
0 0 1600
0 0 1600
0 0 1600
0 0 1600
0 0 1600
0 0 1600
0 0 1600
0 0 1600
0 0 1600
0 0 1600
0 0 1600
0 0 1600
0 0 1600
0 0 1600
0 0 1600
0 0 1600
0 0 1600
0 0 1600
0 0 1600
0 0 1600
0 0 1600
0 0 1600
0 0 1600
0 0 1600
0 0 1600
0 0 1600
0 0 1600
0 0 1600
0 0 1600
0 0 1600
0 0 1600
0 0 1600
0 0 1600
0 0 1600
0 0 1600
0 0 1600
0 0 1600
0 0 1600
0 0 1600
0 0 1600
0 0 1600
0 0 1600
0 0 1600
0 0 1600
0 0 1600
0 0 1600
0 0 1600
0 0 1600
0 0 1600
0 0 1600
0 0 1600
0 0 1600
0 0 1600
0 0 1600
0 0 1600
0 0 1600
0 0 1600
0 0 1600
0 0 1600
0 0 1600
0 0 1600
0 0 1600
0 0 1600
0 0 1600
0 0 1600
0 0 1600
0 0 1600
0 0 1600
0 0 1600
0 0 1600
0 0 1600
0 0 1600
0 0 1600
0 0 1600
0 0 1600
0 0 1600
0 0 1600
0 0 1600
0 0 1600
0 0 1600
0 0 1600
0 0 1600
0 0 1600
0 0 1600
0 0 1600
0 0 1600
0 0 1600
0 0 1600
0 0 1600
0 0 1600
0 0 1600
0 0 1600
0 0 1600
0 0 1600
0 0 1600
0 0 1600
0 0 1600
0 0 1600
0 0 1600
0 0 1600
0 0 1600
0 0 1600
0 0 1600
0 0 1600
0 0 1600
0 0 1600
0 0 1600
0 0 1600
0 0 1600
0 0 1600
0 0 1600
0 0 1600
0 0 1600
0 0 1600
0 0 1600
0 0 1600
0 0 1600
0 0 1600
0 0 1600
0 0 1600
0 0 1600
0 0 1600
0 0 1600
0 0 1600
0 0 1600
0 0 1600
0 0 1600
0 0 1600
0 0 1600
0 0 1600
0 0 1600
0 0 1600
0 0 1600
0 0 1600
0 0 1600
0 0 1600
0 0 1600
0 0 1600
0 0 1600
0 0 1600
0 0 1600
0 0 1600
0 0 1600
0 0 1600
0 0 1600
0 0 1600
0 0 1600
0 0 1600
0 0 1600
0 0 1600
0 0 1600
0 0 1600
0 0 1600
0 0 1600
0 0 1600
0 0 1600
0 0 1600
0 0 1600
0 0 1600
0 0 1600
0 0 1600
0 0 1600
0 0 1600
0 0 1600
0 0 1600
0 0 1600
0 0 1600
0 0 1600
0 0 1600
0 0 1600
0 0 1600
0 0 1600
0 0 1600
0 0 1600
0 0 1600
0 0 1600
0 0 1600
0 0 1600
0 0 1600
0 0 1600
0 0 1600
0 0 1600
0 0 1600
0 0 1600
0 0 1600
0 0 1600
0 0 1600
0 0 1600
0 0 1600
0 0 1600
0 0 1600
0 0 1600
0 0 1600
0 0 1600
0 0 1600
0 0 1600
0 0 1600
0 0 1600
0 0 1600
0 0 1600
0 0 1600
0 0 1600
0 0 1600
0 0 1600
0 0 1600
0 0 1600
0 0 1600
0 0 1600
0 0 1600
0 0 1600
0 0 1600
0 0 1600
0 0 1600
0 0 1600
0 0 1600
0 0 1600
0 0 1600
0 0 1600
0 0 1600
0 0 1600
0 0 1600
0 0 1600
0 0 1600
0 0 1600
0 0 1600
0 0 1600
0 0 1600
0 0 1600
0 0 1600
0 0 1600
0 0 1600
0 0 1600
0 0 1600
0 0 1600
0 0 1600
0 0 1600
0 0 1600
0 0 1600
0 0 1600
0 0 1600
0 0 1600
0 0 1600
0 0 1600
0 0 1600
0 0 1600
0 0 1600
0 0 1600
0 0 1600
0 0 1600
0 0 1600
0 0 1600
0 0 1600
0 0 1600
0 0 1600
0 0 1600
0 0 1600
0 0 1600
0 0 1600
0 0 1600
0 0 1600
0 0 1600
0 0 1600
0 0 1600
0 0 1600
0 0 1600
0 0 1600
0 0 1600
0 0 1600
0 0 1600
0 0 1600
0 0 1600
0 0 1600
0 0 1600
0 0 1600
0 0 1600
0 0 1600
0 0 1600
0 0 1600
0 0 1600
0 0 1600
0 0 1600
0 0 1600
0 0 1600
0 0 1600
0 0 1600
0 0 1600
0 0 1600
0 0 1600
0 0 1600
0 0 1600
0 0 1600
0 0 1600
0 0 1600
0 0 1600
0 0 1600
0 0 1600
0 0 1600
0 0 1600
0 0 1600
0 0 1600
0 0 1600
0 0 1600
0 0 1600
0 0 1600
0 0 1600
0 0 1600
0 0 1600
0 0 1600
0 0 1600
0 0 1600
0 0 1600
0 0 1600
0 0 1600
0 0 1600
0 0 1600
0 0 1600
0 0 1600
0 0 1600
0 0 1600
0 0 1600
0 0 1600
0 0 1600
0 0 1600
0 0 1600
0 0 1600
0 0 1600
0 0 1600
0 0 1600
0 0 1600
0 0 1600
0 0 1600
0 0 1600
0 0 1600
0 0 1600
0 0 1600
0 0 1600
0 0 1600
0 0 1600
0 0 1600
0 0 1600
0 0 1600
0 0 1600
0 0 1600
0 0 1600
0 0 1600
0 0 1600
0 0 1600
0 0 1600
0 0 1600
0 0 1600
0 0 1600
0 0 1600
0 0 1600
0 0 1600
0 0 1600
0 0 1600
0 0 1600
0 0 1600
0 0 1600
0 0 1600
0 0 1600
0 0 1600
0 0 1600
0 0 1600
0 0 1600
0 0 1600
0 0 1600
0 0 1600
0 0 1600
0 0 1600
0 0 1600
0 0 1600
0 0 1600
0 0 1600
0 0 1600
0 0 1600
0 0 1600
0 0 1600
0 0 1600
0 0 1600
0 0 1600
0 0 1600
0 0 1600
0 0 1600
0 0 1600
0 0 1600
0 0 1600
0 0 1600
0 0 1600
0 0 1600
0 0 1600
0 0 1600
0 0 1600
0 0 1600
0 0 1600
0 0 1600
0 0 1600
0 0 1600
0 0 1600
0 0 1600
0 0 1600
0 0 1600
0 0 1600
0 0 1600
0 0 1600
0 0 1600
0 0 1600
0 0 1600
0 0 1600
0 0 1600
0 0 1600
0 0 1600
0 0 1600
0 0 1600
0 0 1600
0 0 1600
0 0 1600
0 0 1600
0 0 1600
0 0 1600
0 0 1600
0 0 1600
0 0 1600
0 0 1600
0 0 1600
0 0 1600
0 0 1600
0 0 1600
0 0 1600
0 0 1600
0 0 1600
0 0 1600
0 0 1600
0 0 1600
0 0 1600
0 0 1600
0 0 1600
0 0 1600
0 0 1600
0 0 1600
0 0 1600
0 0 1600
0 0 1600
0 0 1600
0 0 1600
0 0 1600
0 0 1600
0 0 1600
0 0 1600
0 0 1600
0 0 1600
0 0 1600
0 0 1600
0 0 1600
0 0 1600
0 0 1600
0 0 1600
0 0 1600
0 0 1600
0 0 1600
0 0 1600
0 0 1600
0 0 1600
0 0 1600
0 0 1600
0 0 1600
0 0 1600
0 0 1600
0 0 1600
0 0 1600
0 0 1600
0 0 1600
0 0 1600
0 0 1600
0 0 1600
0 0 1600
0 0 1600
0 0 1600
0 0 1600
0 0 1600
0 0 1600
0 0 1600
0 0 1600
0 0 1600
0 0 1600
0 0 1600
0 0 1600
0 0 1600
0 0 1600
0 0 1600
0 0 1600
0 0 1600
0 0 1600
0 0 1600
0 0 1600
0 0 1600
0 0 1600
0 0 1600
0 0 1600
0 0 1600
0 0 1600
0 0 1600
0 0 1600
0 0 1600
0 0 1600
0 0 1600
0 0 1600
0 0 1600
0 0 1600
0 0 1600
0 0 1600
0 0 1600
0 0 1600
0 0 1600
0 0 1600
0 0 1600
0 0 1600
0 0 1600
0 0 1600
0 0 1600
0 0 1600
0 0 1600
0 0 1600
0 0 1600
0 0 1600
0 0 1600
0 0 1600
0 0 1600
0 0 1600
0 0 1600
0 0 1600
0 0 1600
0 0 1600
0 0 1600
0 0 1600
0 0 1600
0 0 1600
0 0 1600
0 0 1600
0 0 1600
0 0 1600
0 0 1600
0 0 1600
0 0 1600
0 0 1600
0 0 1600
0 0 1600
0 0 1600
0 0 1600
0 0 1600
0 0 1600
0 0 1600
0 0 1600
0 0 1600
0 0 1600
0 0 1600
0 0 1600
0 0 1600
0 0 1600
0 0 1600
0 0 1600
0 0 1600
0 0 1600
0 0 1600
0 0 1600
0 0 1600
0 0 1600
0 0 1600
0 0 1600
0 0 1600
0 0 1600
0 0 1600
0 0 1600
0 0 1600
0 0 1600
0 0 1600
0 0 1600
0 0 1600
0 0 1600
0 0 1600
0 0 1600
0 0 1600
0 0 1600
0 0 1600
0 0 1600
0 0 1600
0 0 1600
0 0 1600
0 0 1600
0 0 1600
0 0 1600
0 0 1600
0 0 1600
0 0 1600
0 0 1600
0 0 1600
0 0 1600
0 0 1600
0 0 1600
0 0 1600
0 0 1600
0 0 1600
0 0 1600
0 0 1600
0 0 1600
0 0 1600
0 0 1600
0 0 1600
0 0 1600
0 0 1600
0 0 1600
0 0 1600
0 0 1600
0 0 1600
0 0 1600
0 0 1600
0 0 1600
0 0 1600
0 0 1600
0 0 1600
0 0 1600
0 0 1600
0 0 1600
0 0 1600
0 0 1600
0 0 1600
0 0 1600
0 0 1600
0 0 1600
0 0 1600
0 0 1600
0 0 1600
0 0 1600
0 0 1600
0 0 1600
0 0 1600
0 0 1600
0 0 1600
0 0 1600
0 0 1600
0 0 1600
0 0 1600
0 0 1600
0 0 1600
0 0 1600
0 0 1600
0 0 1600
0 0 1600
0 0 1600
0 0 1600
0 0 1600
0 0 1600
0 0 1600
0 0 1600
0 0 1600
0 0 1600
0 0 1600
0 0 1600
0 0 1600
0 0 1600
0 0 1600
0 0 1600
0 0 1600
0 0 1600
0 0 1600
0 0 1600
0 0 1600
0 0 1600
0 0 1600
0 0 1600
0 0 1600
0 0 1600
0 0 1600
0 0 1600
0 0 1600
0 0 1600
0 0 1600
0 0 1600
0 0 1600
0 0 1600
0 0 1600
0 0 1600
0 0 1600
0 0 1600
0 0 1600
0 0 1600
0 0 1600
0 0 1600
0 0 1600
0 0 1600
0 0 1600
0 0 1600
0 0 1600
0 0 1600
0 0 1600
0 0 1600
0 0 1600
0 0 1600
0 0 1600
0 0 1600
0 0 1600
0 0 1600
0 0 1600
0 0 1600
0 0 1600
0 0 1600
0 0 1600
0 0 1600
0 0 1600
0 0 1600
0 0 1600
0 0 1600
0 0 1600
0 0 1600
0 0 1600
0 0 1600
0 0 1600
0 0 1600
0 0 1600
0 0 1600
0 0 1600
0 0 1600
0 0 1600
0 0 1600
0 0 1600
0 0 1600
0 0 1600
0 0 1600
0 0 1600
0 0 1600
0 0 1600
0 0 1600
0 0 1600
0 0 1600
0 0 1600
0 0 1600
0 0 1600
0 0 1600
0 0 1600
0 0 1600
0 0 1600
0 0 1600
0 0 1600
0 0 1600
0 0 1600
0 0 1600
0 0 1600
0 0 1600
0 0 1600
0 0 1600
0 0 1600
0 0 1600
0 0 1600
0 0 1600
0 0 1600
0 0 1600
0 0 1600
0 0 1600
0 0 1600
0 0 1600
0 0 1600
0 0 1600
0 0 1600
0 0 1600
0 0 1600
0 0 1600
0 0 1600
0 0 1600
0 0 1600
0 0 1600
0 0 1600
0 0 1600
0 0 1600
0 0 1600
0 0 1600
0 0 1600
0 0 1600
0 0 1600
0 0 1600
0 0 1600
0 0 1600
0 0 1600
0 0 1600
0 0 1600
0 0 1600
0 0 1600
0 0 1600
0 0 1600
0 0 1600
0 0 1600
0 0 1600
0 0 1600
0 0 1600
0 0 1600
0 0 1600
0 0 1600
0 0 1600
0 0 1600
0 0 1600
0 0 1600
0 0 1600
0 0 1600
0 0 1600
0 0 1600
0 0 1600
0 0 1600
0 0 1600
0 0 1600
0 0 1600
0 0 1600
0 0 1600
0 0 1600
0 0 1600
0 0 1600
0 0 1600
0 0 1600
0 0 1600
0 0 1600
0 0 1600
0 0 1600
0 0 1600
0 0 1600
0 0 1600
0 0 1600
0 0 1600
0 0 1600
0 0 1600
0 0 1600
0 0 1600
0 0 1600
0 0 1600
0 0 1600
1599 0 1
1591 8 1
1592 4 4
1584 11 5
1580 11 9
1575 13 12
1565 17 18
1554 17 29
1539 25 36
1531 21 48
1511 32 57
1503 21 76
1472 44 84
1466 27 107
1436 44 120
1417 42 141
1393 44 163
1367 50 183
1342 49 209
1316 51 233
1283 60 257
1256 54 290
1211 69 320
1185 59 356
1139 72 389
1106 66 428
1051 92 457
1023 80 497
975 95 530
933 92 575
890 95 615
851 89 660
802 97 701
755 90 755
698 111 791
662 98 840
602 114 884
547 118 935
510 101 989
438 131 1031
392 119 1089
325 144 1131
277 130 1193
213 125 1262
138 144 1318
88 119 1393
56 91 1453
31 74 1495
15 65 1520
6 37 1557
3 19 1578
1 13 1586
1 6 1593
0 4 1596
0 2 1598
0 1 1599
0 0 1600
0 0 1600
0 0 1600
0 0 1600
0 0 1600
0 0 1600
0 0 1600
0 0 1600
0 0 1600
0 0 1600
0 0 1600
0 0 1600
0 0 1600
0 0 1600
0 0 1600
0 0 1600
0 0 1600
0 0 1600
0 0 1600
0 0 1600
0 0 1600
0 0 1600
0 0 1600
0 0 1600
0 0 1600
0 0 1600
0 0 1600
0 0 1600
0 0 1600
0 0 1600
0 0 1600
0 0 1600
0 0 1600
0 0 1600
0 0 1600
0 0 1600
0 0 1600
0 0 1600
0 0 1600
0 0 1600
0 0 1600
0 0 1600
0 0 1600
0 0 1600
0 0 1600
0 0 1600
0 0 1600
0 0 1600
0 0 1600
0 0 1600
0 0 1600
0 0 1600
0 0 1600
0 0 1600
0 0 1600
0 0 1600
0 0 1600
0 0 1600
0 0 1600
0 0 1600
0 0 1600
0 0 1600
0 0 1600
0 0 1600
0 0 1600
0 0 1600
0 0 1600
0 0 1600
0 0 1600
0 0 1600
0 0 1600
0 0 1600
0 0 1600
0 0 1600
0 0 1600
0 0 1600
0 0 1600
0 0 1600
0 0 1600
0 0 1600
0 0 1600
0 0 1600
0 0 1600
0 0 1600
0 0 1600
0 0 1600
0 0 1600
0 0 1600
0 0 1600
0 0 1600
0 0 1600
0 0 1600
0 0 1600
0 0 1600
0 0 1600
0 0 1600
0 0 1600
0 0 1600
0 0 1600
0 0 1600
0 0 1600
0 0 1600
0 0 1600
0 0 1600
0 0 1600
0 0 1600
0 0 1600
0 0 1600
0 0 1600
0 0 1600
0 0 1600
0 0 1600
0 0 1600
0 0 1600
0 0 1600
0 0 1600
0 0 1600
0 0 1600
0 0 1600
0 0 1600
0 0 1600
0 0 1600
0 0 1600
0 0 1600
0 0 1600
0 0 1600
0 0 1600
0 0 1600
0 0 1600
0 0 1600
0 0 1600
0 0 1600
0 0 1600
0 0 1600
0 0 1600
0 0 1600
0 0 1600
0 0 1600
0 0 1600
0 0 1600
0 0 1600
0 0 1600
0 0 1600
0 0 1600
0 0 1600
0 0 1600
0 0 1600
0 0 1600
0 0 1600
0 0 1600
0 0 1600
0 0 1600
0 0 1600
0 0 1600
0 0 1600
0 0 1600
0 0 1600
0 0 1600
0 0 1600
0 0 1600
0 0 1600
0 0 1600
0 0 1600
0 0 1600
0 0 1600
0 0 1600
0 0 1600
0 0 1600
0 0 1600
0 0 1600
0 0 1600
0 0 1600
0 0 1600
0 0 1600
0 0 1600
0 0 1600
0 0 1600
0 0 1600
0 0 1600
0 0 1600
0 0 1600
0 0 1600
0 0 1600
0 0 1600
0 0 1600
0 0 1600
0 0 1600
0 0 1600
0 0 1600
0 0 1600
0 0 1600
0 0 1600
0 0 1600
0 0 1600
0 0 1600
0 0 1600
0 0 1600
0 0 1600
0 0 1600
0 0 1600
0 0 1600
0 0 1600
0 0 1600
0 0 1600
0 0 1600
0 0 1600
0 0 1600
0 0 1600
0 0 1600
0 0 1600
0 0 1600
0 0 1600
0 0 1600
0 0 1600
0 0 1600
0 0 1600
0 0 1600
0 0 1600
0 0 1600
0 0 1600
0 0 1600
0 0 1600
0 0 1600
0 0 1600
0 0 1600
0 0 1600
0 0 1600
0 0 1600
0 0 1600
0 0 1600
0 0 1600
0 0 1600
0 0 1600
0 0 1600
0 0 1600
0 0 1600
0 0 1600
0 0 1600
0 0 1600
0 0 1600
0 0 1600
0 0 1600
0 0 1600
0 0 1600
0 0 1600
0 0 1600
0 0 1600
0 0 1600
0 0 1600
0 0 1600
0 0 1600
0 0 1600
0 0 1600
0 0 1600
0 0 1600
0 0 1600
0 0 1600
0 0 1600
0 0 1600
0 0 1600
0 0 1600
0 0 1600
0 0 1600
0 0 1600
0 0 1600
0 0 1600
0 0 1600
0 0 1600
0 0 1600
0 0 1600
0 0 1600
0 0 1600
0 0 1600
0 0 1600
0 0 1600
0 0 1600
0 0 1600
0 0 1600
0 0 1600
0 0 1600
0 0 1600
0 0 1600
0 0 1600
0 0 1600
0 0 1600
0 0 1600
0 0 1600
0 0 1600
0 0 1600
0 0 1600
0 0 1600
0 0 1600
0 0 1600
0 0 1600
0 0 1600
0 0 1600
0 0 1600
0 0 1600
0 0 1600
0 0 1600
0 0 1600
0 0 1600
0 0 1600
0 0 1600
0 0 1600
0 0 1600
0 0 1600
0 0 1600
0 0 1600
0 0 1600
0 0 1600
0 0 1600
0 0 1600
0 0 1600
0 0 1600
0 0 1600
0 0 1600
0 0 1600
0 0 1600
0 0 1600
0 0 1600
0 0 1600
0 0 1600
0 0 1600
0 0 1600
0 0 1600
0 0 1600
0 0 1600
0 0 1600
0 0 1600
0 0 1600
0 0 1600
0 0 1600
0 0 1600
0 0 1600
0 0 1600
0 0 1600
0 0 1600
0 0 1600
0 0 1600
0 0 1600
0 0 1600
0 0 1600
0 0 1600
0 0 1600
0 0 1600
0 0 1600
0 0 1600
0 0 1600
0 0 1600
0 0 1600
0 0 1600
0 0 1600
0 0 1600
0 0 1600
0 0 1600
0 0 1600
0 0 1600
0 0 1600
0 0 1600
0 0 1600
0 0 1600
0 0 1600
0 0 1600
0 0 1600
0 0 1600
0 0 1600
0 0 1600
0 0 1600
0 0 1600
0 0 1600
0 0 1600
0 0 1600
0 0 1600
0 0 1600
0 0 1600
0 0 1600
0 0 1600
0 0 1600
0 0 1600
0 0 1600
0 0 1600
0 0 1600
0 0 1600
0 0 1600
0 0 1600
0 0 1600
0 0 1600
0 0 1600
0 0 1600
0 0 1600
0 0 1600
0 0 1600
0 0 1600
0 0 1600
0 0 1600
0 0 1600
0 0 1600
0 0 1600
0 0 1600
0 0 1600
0 0 1600
0 0 1600
0 0 1600
0 0 1600
0 0 1600
0 0 1600
0 0 1600
0 0 1600
0 0 1600
0 0 1600
0 0 1600
0 0 1600
0 0 1600
0 0 1600
0 0 1600
0 0 1600
0 0 1600
0 0 1600
0 0 1600
0 0 1600
0 0 1600
0 0 1600
0 0 1600
0 0 1600
0 0 1600
0 0 1600
0 0 1600
0 0 1600
0 0 1600
0 0 1600
0 0 1600
0 0 1600
0 0 1600
0 0 1600
0 0 1600
0 0 1600
0 0 1600
0 0 1600
0 0 1600
0 0 1600
0 0 1600
0 0 1600
0 0 1600
0 0 1600
0 0 1600
0 0 1600
0 0 1600
0 0 1600
0 0 1600
0 0 1600
0 0 1600
0 0 1600
0 0 1600
0 0 1600
0 0 1600
0 0 1600
0 0 1600
0 0 1600
0 0 1600
0 0 1600
0 0 1600
0 0 1600
0 0 1600
0 0 1600
0 0 1600
0 0 1600
0 0 1600
0 0 1600
0 0 1600
0 0 1600
0 0 1600
0 0 1600
0 0 1600
0 0 1600
0 0 1600
0 0 1600
0 0 1600
0 0 1600
0 0 1600
0 0 1600
0 0 1600
0 0 1600
0 0 1600
0 0 1600
0 0 1600
0 0 1600
0 0 1600
0 0 1600
0 0 1600
0 0 1600
0 0 1600
0 0 1600
0 0 1600
0 0 1600
0 0 1600
0 0 1600
0 0 1600
0 0 1600
0 0 1600
0 0 1600
0 0 1600
0 0 1600
0 0 1600
0 0 1600
0 0 1600
0 0 1600
0 0 1600
0 0 1600
0 0 1600
0 0 1600
0 0 1600
0 0 1600
0 0 1600
0 0 1600
0 0 1600
0 0 1600
0 0 1600
0 0 1600
0 0 1600
0 0 1600
0 0 1600
0 0 1600
0 0 1600
0 0 1600
0 0 1600
0 0 1600
0 0 1600
0 0 1600
0 0 1600
0 0 1600
0 0 1600
0 0 1600
0 0 1600
0 0 1600
0 0 1600
0 0 1600
0 0 1600
0 0 1600
0 0 1600
0 0 1600
0 0 1600
0 0 1600
0 0 1600
0 0 1600
0 0 1600
0 0 1600
0 0 1600
0 0 1600
0 0 1600
0 0 1600
0 0 1600
0 0 1600
0 0 1600
0 0 1600
0 0 1600
0 0 1600
0 0 1600
0 0 1600
0 0 1600
0 0 1600
0 0 1600
0 0 1600
0 0 1600
0 0 1600
0 0 1600
0 0 1600
0 0 1600
0 0 1600
0 0 1600
0 0 1600
0 0 1600
0 0 1600
0 0 1600
0 0 1600
0 0 1600
0 0 1600
0 0 1600
0 0 1600
0 0 1600
0 0 1600
0 0 1600
0 0 1600
0 0 1600
0 0 1600
0 0 1600
0 0 1600
0 0 1600
0 0 1600
0 0 1600
0 0 1600
0 0 1600
0 0 1600
0 0 1600
0 0 1600
0 0 1600
0 0 1600
0 0 1600
0 0 1600
0 0 1600
0 0 1600
0 0 1600
0 0 1600
0 0 1600
0 0 1600
0 0 1600
0 0 1600
0 0 1600
0 0 1600
0 0 1600
0 0 1600
0 0 1600
0 0 1600
0 0 1600
0 0 1600
0 0 1600
0 0 1600
0 0 1600
0 0 1600
0 0 1600
0 0 1600
0 0 1600
0 0 1600
0 0 1600
0 0 1600
0 0 1600
0 0 1600
0 0 1600
0 0 1600
0 0 1600
0 0 1600
0 0 1600
0 0 1600
0 0 1600
0 0 1600
0 0 1600
0 0 1600
0 0 1600
0 0 1600
0 0 1600
0 0 1600
0 0 1600
0 0 1600
0 0 1600
0 0 1600
0 0 1600
0 0 1600
0 0 1600
0 0 1600
0 0 1600
0 0 1600
0 0 1600
0 0 1600
0 0 1600
0 0 1600
0 0 1600
0 0 1600
0 0 1600
0 0 1600
0 0 1600
0 0 1600
0 0 1600
0 0 1600
0 0 1600
0 0 1600
0 0 1600
0 0 1600
0 0 1600
0 0 1600
0 0 1600
0 0 1600
0 0 1600
0 0 1600
0 0 1600
0 0 1600
0 0 1600
0 0 1600
0 0 1600
0 0 1600
0 0 1600
0 0 1600
0 0 1600
0 0 1600
0 0 1600
0 0 1600
0 0 1600
0 0 1600
0 0 1600
0 0 1600
0 0 1600
0 0 1600
0 0 1600
0 0 1600
0 0 1600
0 0 1600
0 0 1600
0 0 1600
0 0 1600
0 0 1600
0 0 1600
0 0 1600
0 0 1600
0 0 1600
0 0 1600
0 0 1600
0 0 1600
0 0 1600
0 0 1600
0 0 1600
0 0 1600
0 0 1600
0 0 1600
0 0 1600
0 0 1600
0 0 1600
0 0 1600
0 0 1600
0 0 1600
0 0 1600
0 0 1600
0 0 1600
0 0 1600
0 0 1600
0 0 1600
0 0 1600
0 0 1600
0 0 1600
0 0 1600
0 0 1600
0 0 1600
0 0 1600
0 0 1600
0 0 1600
0 0 1600
0 0 1600
0 0 1600
0 0 1600
0 0 1600
0 0 1600
0 0 1600
0 0 1600
0 0 1600
0 0 1600
0 0 1600
0 0 1600
0 0 1600
0 0 1600
0 0 1600
0 0 1600
0 0 1600
0 0 1600
0 0 1600
0 0 1600
0 0 1600
0 0 1600
0 0 1600
0 0 1600
0 0 1600
0 0 1600
0 0 1600
0 0 1600
0 0 1600
0 0 1600
0 0 1600
0 0 1600
0 0 1600
0 0 1600
0 0 1600
0 0 1600
0 0 1600
0 0 1600
0 0 1600
0 0 1600
0 0 1600
0 0 1600
0 0 1600
0 0 1600
0 0 1600
0 0 1600
0 0 1600
0 0 1600
0 0 1600
0 0 1600
0 0 1600
0 0 1600
0 0 1600
0 0 1600
0 0 1600
0 0 1600
0 0 1600
0 0 1600
0 0 1600
0 0 1600
0 0 1600
0 0 1600
0 0 1600
0 0 1600
0 0 1600
0 0 1600
0 0 1600
0 0 1600
0 0 1600
0 0 1600
0 0 1600
0 0 1600
0 0 1600
0 0 1600
0 0 1600
0 0 1600
0 0 1600
0 0 1600
0 0 1600
0 0 1600
0 0 1600
0 0 1600
0 0 1600
0 0 1600
0 0 1600
0 0 1600
0 0 1600
0 0 1600
0 0 1600
0 0 1600
0 0 1600
0 0 1600
0 0 1600
0 0 1600
0 0 1600
0 0 1600
0 0 1600
0 0 1600
0 0 1600
0 0 1600
0 0 1600
0 0 1600
0 0 1600
0 0 1600
0 0 1600
0 0 1600
0 0 1600
0 0 1600
0 0 1600
0 0 1600
0 0 1600
0 0 1600
0 0 1600
0 0 1600
0 0 1600
0 0 1600
0 0 1600
0 0 1600
0 0 1600
0 0 1600
0 0 1600
0 0 1600
0 0 1600
0 0 1600
0 0 1600
0 0 1600
0 0 1600
0 0 1600
0 0 1600
0 0 1600
0 0 1600
0 0 1600
0 0 1600
0 0 1600
0 0 1600
0 0 1600
0 0 1600
0 0 1600
0 0 1600
0 0 1600
0 0 1600
0 0 1600
0 0 1600
0 0 1600
0 0 1600
0 0 1600
0 0 1600
0 0 1600
0 0 1600
0 0 1600
0 0 1600
0 0 1600
0 0 1600
0 0 1600
0 0 1600
0 0 1600
0 0 1600
0 0 1600
0 0 1600
0 0 1600
0 0 1600
0 0 1600
0 0 1600
0 0 1600
0 0 1600
0 0 1600
0 0 1600
0 0 1600
0 0 1600
0 0 1600
0 0 1600
0 0 1600
0 0 1600
0 0 1600
0 0 1600
0 0 1600
0 0 1600
0 0 1600
0 0 1600
0 0 1600
0 0 1600
0 0 1600
0 0 1600
0 0 1600
0 0 1600
0 0 1600
0 0 1600
0 0 1600
0 0 1600
0 0 1600
0 0 1600
0 0 1600
0 0 1600
0 0 1600
0 0 1600
0 0 1600
0 0 1600
0 0 1600
0 0 1600
0 0 1600
0 0 1600
0 0 1600
0 0 1600
0 0 1600
0 0 1600
0 0 1600
0 0 1600
0 0 1600
0 0 1600
0 0 1600
0 0 1600
0 0 1600
1599 0 1
1592 8 0
1592 5 3
1583 14 3
1582 16 2
1581 17 2
1579 15 6
1575 19 6
1570 28 2
1569 25 6
1565 25 10
1553 36 11
1543 42 15
1540 50 10
1528 57 15
1519 67 14
1510 70 20
1505 67 28
1485 90 25
1474 96 30
1456 109 35
1454 112 34
1444 126 30
1444 120 36
1425 141 34
1396 163 41
1389 153 58
1377 173 50
1376 169 55
1346 199 55
1327 218 55
1336 192 72
1307 231 62
1292 235 73
1276 246 78
1249 274 77
1230 284 86
1227 282 91
1203 309 88
1171 313 116
1145 355 100
1144 332 124
1104 365 131
1071 409 120
1049 402 149
1013 452 135
1013 402 185
966 463 171
960 458 182
940 497 163
936 490 174
917 502 181
901 522 177
885 550 165
895 504 201
848 564 188
842 554 204
809 601 190
823 562 215
850 552 198
831 551 218
806 577 217
812 590 198
845 548 207
837 563 200
825 558 217
833 549 218
805 594 201
800 561 239
791 600 209
809 551 240
813 586 201
821 557 222
803 588 209
782 570 248
787 581 232
774 588 238
803 550 247
790 542 268
771 584 245
770 582 248
776 564 260
792 558 250
794 531 275
781 546 273
765 560 275
760 578 262
775 530 295
763 560 277
774 528 298
742 551 307
721 573 306
723 549 328
717 577 306
765 497 338
739 552 309
728 554 318
722 518 360
716 563 321
729 490 381
699 554 347
701 540 359
717 522 361
713 508 379
710 508 382
703 510 387
708 493 399
688 520 392
698 500 402
699 486 415
693 470 437
667 496 437
659 493 448
660 489 451
641 482 477
648 476 476
646 464 490
627 479 494
624 445 531
604 483 513
603 476 521
582 468 550
588 459 553
595 446 559
589 436 575
591 423 586
581 430 589
563 438 599
547 425 628
545 419 636
533 432 635
534 402 664
527 396 677
500 420 680
496 388 716
471 411 718
452 445 703
471 371 758
463 381 756
453 385 762
455 372 773
451 371 778
467 352 781
460 340 800
451 346 803
450 346 804
427 342 831
428 324 848
398 348 854
406 315 879
400 313 887
373 332 895
373 329 898
372 306 922
386 285 929
369 285 946
354 288 958
348 278 974
347 257 996
331 277 992
336 258 1006
330 246 1024
318 266 1016
323 245 1032
308 264 1028
314 238 1048
301 243 1056
309 233 1058
300 242 1058
295 230 1075
275 247 1078
277 218 1105
260 222 1118
236 243 1121
239 234 1127
233 221 1146
235 205 1160
224 211 1165
228 178 1194
220 195 1185
224 169 1207
209 177 1214
205 176 1219
196 157 1247
175 175 1250
175 177 1248
192 145 1263
180 141 1279
163 155 1282
168 148 1284
165 145 1290
158 149 1293
171 128 1301
161 130 1309
147 134 1319
143 133 1324
146 115 1339
124 138 1338
130 111 1359
120 117 1363
128 115 1357
120 105 1375
120 100 1380
112 104 1384
105 98 1397
100 102 1398
95 98 1407
96 78 1426
74 100 1426
78 76 1446
78 82 1440
72 78 1450
71 71 1458
65 62 1473
60 64 1476
58 53 1489
51 62 1487
51 53 1496
49 61 1490
50 47 1503
42 54 1504
40 49 1511
39 48 1513
40 38 1522
32 46 1522
34 38 1528
36 38 1526
32 38 1530
29 37 1534
28 34 1538
22 39 1539
22 30 1548
20 25 1555
16 27 1557
14 25 1561
14 16 1570
11 15 1574
9 15 1576
9 13 1578
9 12 1579
8 12 1580
8 8 1584
6 9 1585
4 10 1586
3 10 1587
4 4 1592
1 7 1592
1 4 1595
0 2 1598
0 1 1599
0 1 1599
0 1 1599
0 0 1600
0 0 1600
0 0 1600
0 0 1600
0 0 1600
0 0 1600
0 0 1600
0 0 1600
0 0 1600
0 0 1600
0 0 1600
0 0 1600
0 0 1600
0 0 1600
0 0 1600
0 0 1600
0 0 1600
0 0 1600
0 0 1600
0 0 1600
0 0 1600
0 0 1600
0 0 1600
0 0 1600
0 0 1600
0 0 1600
0 0 1600
0 0 1600
0 0 1600
0 0 1600
0 0 1600
0 0 1600
0 0 1600
0 0 1600
0 0 1600
0 0 1600
0 0 1600
0 0 1600
0 0 1600
0 0 1600
0 0 1600
0 0 1600
0 0 1600
0 0 1600
0 0 1600
0 0 1600
0 0 1600
0 0 1600
0 0 1600
0 0 1600
0 0 1600
0 0 1600
0 0 1600
0 0 1600
0 0 1600
0 0 1600
0 0 1600
0 0 1600
0 0 1600
0 0 1600
0 0 1600
0 0 1600
0 0 1600
0 0 1600
0 0 1600
0 0 1600
0 0 1600
0 0 1600
0 0 1600
0 0 1600
0 0 1600
0 0 1600
0 0 1600
0 0 1600
0 0 1600
0 0 1600
0 0 1600
0 0 1600
0 0 1600
0 0 1600
0 0 1600
0 0 1600
0 0 1600
0 0 1600
0 0 1600
0 0 1600
0 0 1600
0 0 1600
0 0 1600
0 0 1600
0 0 1600
0 0 1600
0 0 1600
0 0 1600
0 0 1600
0 0 1600
0 0 1600
0 0 1600
0 0 1600
0 0 1600
0 0 1600
0 0 1600
0 0 1600
0 0 1600
0 0 1600
0 0 1600
0 0 1600
0 0 1600
0 0 1600
0 0 1600
0 0 1600
0 0 1600
0 0 1600
0 0 1600
0 0 1600
0 0 1600
0 0 1600
0 0 1600
0 0 1600
0 0 1600
0 0 1600
0 0 1600
0 0 1600
0 0 1600
0 0 1600
0 0 1600
0 0 1600
0 0 1600
0 0 1600
0 0 1600
0 0 1600
0 0 1600
0 0 1600
0 0 1600
0 0 1600
0 0 1600
0 0 1600
0 0 1600
0 0 1600
0 0 1600
0 0 1600
0 0 1600
0 0 1600
0 0 1600
0 0 1600
0 0 1600
0 0 1600
0 0 1600
0 0 1600
0 0 1600
0 0 1600
0 0 1600
0 0 1600
0 0 1600
0 0 1600
0 0 1600
0 0 1600
0 0 1600
0 0 1600
0 0 1600
0 0 1600
0 0 1600
0 0 1600
0 0 1600
0 0 1600
0 0 1600
0 0 1600
0 0 1600
0 0 1600
0 0 1600
0 0 1600
0 0 1600
0 0 1600
0 0 1600
0 0 1600
0 0 1600
0 0 1600
0 0 1600
0 0 1600
0 0 1600
0 0 1600
0 0 1600
0 0 1600
0 0 1600
0 0 1600
0 0 1600
0 0 1600
0 0 1600
0 0 1600
0 0 1600
0 0 1600
0 0 1600
0 0 1600
0 0 1600
0 0 1600
0 0 1600
0 0 1600
0 0 1600
0 0 1600
0 0 1600
0 0 1600
0 0 1600
0 0 1600
0 0 1600
0 0 1600
0 0 1600
0 0 1600
0 0 1600
0 0 1600
0 0 1600
0 0 1600
0 0 1600
0 0 1600
0 0 1600
0 0 1600
0 0 1600
0 0 1600
0 0 1600
0 0 1600
0 0 1600
0 0 1600
0 0 1600
0 0 1600
0 0 1600
0 0 1600
0 0 1600
0 0 1600
0 0 1600
0 0 1600
0 0 1600
0 0 1600
0 0 1600
0 0 1600
0 0 1600
0 0 1600
0 0 1600
0 0 1600
0 0 1600
0 0 1600
0 0 1600
0 0 1600
0 0 1600
0 0 1600
0 0 1600
0 0 1600
0 0 1600
0 0 1600
0 0 1600
0 0 1600
0 0 1600
0 0 1600
0 0 1600
0 0 1600
0 0 1600
0 0 1600
0 0 1600
0 0 1600
0 0 1600
0 0 1600
0 0 1600
0 0 1600
0 0 1600
0 0 1600
0 0 1600
0 0 1600
0 0 1600
0 0 1600
0 0 1600
0 0 1600
0 0 1600
0 0 1600
0 0 1600
0 0 1600
0 0 1600
0 0 1600
0 0 1600
0 0 1600
0 0 1600
0 0 1600
0 0 1600
0 0 1600
0 0 1600
0 0 1600
0 0 1600
0 0 1600
0 0 1600
0 0 1600
0 0 1600
0 0 1600
0 0 1600
0 0 1600
0 0 1600
0 0 1600
0 0 1600
0 0 1600
0 0 1600
0 0 1600
0 0 1600
0 0 1600
0 0 1600
0 0 1600
0 0 1600
0 0 1600
0 0 1600
0 0 1600
0 0 1600
0 0 1600
0 0 1600
0 0 1600
0 0 1600
0 0 1600
0 0 1600
0 0 1600
0 0 1600
0 0 1600
0 0 1600
0 0 1600
0 0 1600
0 0 1600
0 0 1600
0 0 1600
0 0 1600
0 0 1600
0 0 1600
0 0 1600
0 0 1600
0 0 1600
0 0 1600
0 0 1600
0 0 1600
0 0 1600
0 0 1600
0 0 1600
0 0 1600
0 0 1600
0 0 1600
0 0 1600
0 0 1600
0 0 1600
0 0 1600
0 0 1600
0 0 1600
0 0 1600
0 0 1600
0 0 1600
0 0 1600
0 0 1600
0 0 1600
0 0 1600
0 0 1600
0 0 1600
0 0 1600
0 0 1600
0 0 1600
0 0 1600
0 0 1600
0 0 1600
0 0 1600
0 0 1600
0 0 1600
0 0 1600
0 0 1600
0 0 1600
0 0 1600
0 0 1600
0 0 1600
0 0 1600
0 0 1600
0 0 1600
0 0 1600
0 0 1600
0 0 1600
0 0 1600
0 0 1600
0 0 1600
0 0 1600
0 0 1600
0 0 1600
0 0 1600
0 0 1600
0 0 1600
0 0 1600
0 0 1600
0 0 1600
0 0 1600
0 0 1600
0 0 1600
0 0 1600
0 0 1600
0 0 1600
0 0 1600
0 0 1600
0 0 1600
0 0 1600
0 0 1600
0 0 1600
0 0 1600
0 0 1600
0 0 1600
0 0 1600
0 0 1600
0 0 1600
0 0 1600
0 0 1600
0 0 1600
0 0 1600
0 0 1600
0 0 1600
0 0 1600
0 0 1600
0 0 1600
0 0 1600
0 0 1600
0 0 1600
0 0 1600
0 0 1600
0 0 1600
0 0 1600
0 0 1600
0 0 1600
0 0 1600
0 0 1600
0 0 1600
0 0 1600
0 0 1600
0 0 1600
0 0 1600
0 0 1600
0 0 1600
0 0 1600
0 0 1600
0 0 1600
0 0 1600
0 0 1600
0 0 1600
0 0 1600
0 0 1600
0 0 1600
0 0 1600
0 0 1600
0 0 1600
0 0 1600
0 0 1600
0 0 1600
0 0 1600
0 0 1600
0 0 1600
0 0 1600
0 0 1600
0 0 1600
0 0 1600
0 0 1600
0 0 1600
0 0 1600
0 0 1600
0 0 1600
0 0 1600
0 0 1600
0 0 1600
0 0 1600
0 0 1600
0 0 1600
0 0 1600
0 0 1600
0 0 1600
0 0 1600
0 0 1600
0 0 1600
0 0 1600
0 0 1600
0 0 1600
0 0 1600
0 0 1600
0 0 1600
0 0 1600
0 0 1600
0 0 1600
0 0 1600
0 0 1600
0 0 1600
0 0 1600
0 0 1600
0 0 1600
0 0 1600
0 0 1600
0 0 1600
0 0 1600
0 0 1600
0 0 1600
0 0 1600
0 0 1600
0 0 1600
0 0 1600
0 0 1600
0 0 1600
0 0 1600
0 0 1600
0 0 1600
0 0 1600
0 0 1600
0 0 1600
0 0 1600
0 0 1600
0 0 1600
0 0 1600
0 0 1600
0 0 1600
0 0 1600
0 0 1600
0 0 1600
0 0 1600
0 0 1600
0 0 1600
0 0 1600
0 0 1600
0 0 1600
0 0 1600
0 0 1600
0 0 1600
0 0 1600
0 0 1600
0 0 1600
0 0 1600
0 0 1600
0 0 1600
0 0 1600
0 0 1600
0 0 1600
0 0 1600
0 0 1600
0 0 1600
0 0 1600
0 0 1600
0 0 1600
0 0 1600
0 0 1600
0 0 1600
0 0 1600
0 0 1600
0 0 1600
0 0 1600
0 0 1600
0 0 1600
0 0 1600
0 0 1600
0 0 1600
0 0 1600
0 0 1600
0 0 1600
0 0 1600
0 0 1600
0 0 1600
0 0 1600
0 0 1600
0 0 1600
0 0 1600
0 0 1600
0 0 1600
0 0 1600
0 0 1600
0 0 1600
0 0 1600
0 0 1600
0 0 1600
0 0 1600
0 0 1600
0 0 1600
0 0 1600
0 0 1600
0 0 1600
0 0 1600
0 0 1600
0 0 1600
0 0 1600
0 0 1600
0 0 1600
0 0 1600
0 0 1600
0 0 1600
0 0 1600
0 0 1600
0 0 1600
0 0 1600
0 0 1600
0 0 1600
0 0 1600
0 0 1600
0 0 1600
0 0 1600
0 0 1600
0 0 1600
0 0 1600
0 0 1600
0 0 1600
0 0 1600
0 0 1600
0 0 1600
0 0 1600
0 0 1600
0 0 1600
0 0 1600
0 0 1600
0 0 1600
0 0 1600
0 0 1600
0 0 1600
0 0 1600
0 0 1600
0 0 1600
0 0 1600
0 0 1600
0 0 1600
0 0 1600
0 0 1600
0 0 1600
0 0 1600
0 0 1600
0 0 1600
0 0 1600
0 0 1600
0 0 1600
0 0 1600
0 0 1600
0 0 1600
0 0 1600
0 0 1600
0 0 1600
0 0 1600
0 0 1600
0 0 1600
0 0 1600
0 0 1600
0 0 1600
0 0 1600
0 0 1600
0 0 1600
0 0 1600
0 0 1600
0 0 1600
0 0 1600
0 0 1600
0 0 1600
0 0 1600
0 0 1600
0 0 1600
0 0 1600
0 0 1600
0 0 1600
0 0 1600
0 0 1600
0 0 1600
0 0 1600
0 0 1600
0 0 1600
0 0 1600
0 0 1600
0 0 1600
0 0 1600
0 0 1600
0 0 1600
0 0 1600
0 0 1600
0 0 1600
0 0 1600
0 0 1600
0 0 1600
0 0 1600
0 0 1600
0 0 1600
0 0 1600
0 0 1600
0 0 1600
0 0 1600
0 0 1600
0 0 1600
0 0 1600
0 0 1600
0 0 1600
0 0 1600
0 0 1600
0 0 1600
0 0 1600
0 0 1600
0 0 1600
0 0 1600
0 0 1600
0 0 1600
0 0 1600
0 0 1600
0 0 1600
0 0 1600
0 0 1600
0 0 1600
0 0 1600
0 0 1600
0 0 1600
0 0 1600
0 0 1600
0 0 1600
0 0 1600
0 0 1600
0 0 1600
0 0 1600
0 0 1600
0 0 1600
0 0 1600
0 0 1600
0 0 1600
0 0 1600
0 0 1600
0 0 1600
0 0 1600
0 0 1600
0 0 1600
0 0 1600
0 0 1600
0 0 1600
0 0 1600
0 0 1600
0 0 1600
0 0 1600
0 0 1600
0 0 1600
0 0 1600
0 0 1600
0 0 1600
0 0 1600
0 0 1600
0 0 1600
0 0 1600
0 0 1600
0 0 1600
0 0 1600
0 0 1600
0 0 1600
0 0 1600
0 0 1600
0 0 1600
0 0 1600
0 0 1600
0 0 1600
0 0 1600
0 0 1600
0 0 1600
0 0 1600
0 0 1600
0 0 1600
0 0 1600
0 0 1600
1599 0 1
1592 8 0
1592 7 1
1590 6 4
1585 12 3
1584 12 4
1578 18 4
1579 20 1
1577 18 5
1573 24 3
1575 21 4
1566 31 3
1564 29 7
1558 38 4
1558 34 8
1552 41 7
1547 44 9
1543 48 9
1532 54 14
1527 56 17
1524 59 17
1515 70 15
1509 80 11
1503 79 18
1499 84 17
1491 94 15
1487 92 21
1478 100 22
1457 114 29
1439 134 27
1431 145 24
1421 139 40
1406 153 41
1384 180 36
1384 175 41
1370 189 41
1368 195 37
1352 200 48
1330 216 54
1330 219 51
1329 217 54
1301 240 59
1274 254 72
1258 268 74
1247 283 70
1223 299 78
1209 294 97
1187 351 62
1181 325 94
1173 346 81
1141 383 76
1136 379 85
1120 387 93
1100 417 83
1099 404 97
1070 434 96
1050 440 110
1034 454 112
1017 463 120
967 499 134
947 521 132
942 529 129
954 516 130
943 528 129
929 545 126
934 533 133
909 549 142
910 541 149
911 556 133
924 550 126
928 546 126
934 544 122
931 522 147
897 576 127
908 574 118
915 529 156
887 576 137
882 576 142
884 577 139
890 570 140
869 599 132
873 590 137
855 598 147
861 597 142
865 567 168
837 623 140
841 614 145
873 576 151
862 585 153
863 598 139
859 594 147
876 575 149
875 585 140
874 566 160
877 581 142
880 572 148
883 584 133
874 594 132
897 556 147
878 602 120
882 573 145
858 595 147
863 600 137
863 565 172
832 625 143
837 590 173
858 582 160
859 601 140
869 562 169
858 602 140
879 581 140
897 569 134
870 602 128
891 579 130
884 576 140
866 572 162
882 562 156
872 563 165
849 597 154
849 588 163
867 595 138
896 531 173
876 578 146
867 571 162
835 611 154
840 596 164
858 592 150
860 576 164
845 589 166
842 587 171
844 592 164
840 591 169
849 584 167
850 607 143
881 554 165
834 613 153
838 573 189
838 580 182
829 581 190
833 581 186
838 582 180
834 565 201
811 598 191
839 570 191
828 579 193
834 579 187
827 581 192
833 574 193
818 574 208
825 570 205
831 571 198
837 537 226
829 559 212
831 530 239
803 576 221
804 553 243
787 576 237
798 575 227
784 580 236
796 554 250
774 591 235
773 580 247
795 554 251
797 547 256
768 578 254
773 572 255
791 546 263
802 542 256
793 553 254
784 556 260
767 560 273
788 544 268
779 535 286
764 548 288
751 552 297
743 564 293
769 531 300
753 544 303
751 542 307
738 536 326
724 527 349
720 516 364
700 557 343
713 519 368
721 506 373
707 516 377
699 503 398
694 510 396
703 497 400
693 523 384
697 503 400
700 494 406
695 481 424
678 494 428
676 483 441
662 499 439
649 481 470
651 471 478
639 467 494
636 476 488
631 462 507
617 482 501
621 471 508
605 464 531
593 457 550
577 444 579
568 451 581
558 456 586
560 433 607
549 452 599
560 419 621
551 423 626
541 419 640
538 416 646
535 412 653
526 387 687
496 408 696
473 415 712
483 396 721
484 394 722
473 407 720
489 365 746
460 380 760
444 382 774
437 389 774
432 370 798
422 353 825
410 375 815
424 345 831
410 334 856
401 336 863
401 300 899
384 331 885
368 314 918
364 329 907
363 300 937
344 327 929
354 291 955
350 279 971
327 295 978
316 291 993
314 286 1000
320 271 1009
301 268 1031
295 265 1040
289 269 1042
295 247 1058
294 235 1071
279 231 1090
268 226 1106
259 243 1098
251 238 1111
253 223 1124
241 220 1139
236 226 1138
254 202 1144
241 192 1167
215 219 1166
222 192 1186
214 196 1190
208 204 1188
212 181 1207
195 167 1238
182 177 1241
184 169 1247
179 158 1263
165 172 1263
168 159 1273
166 161 1273
158 163 1279
152 150 1298
152 147 1301
143 139 1318
136 122 1342
124 136 1340
117 126 1357
109 128 1363
110 122 1368
106 122 1372
111 113 1376
103 109 1388
104 100 1396
90 107 1403
89 93 1418
77 91 1432
70 89 1441
64 89 1447
57 94 1449
63 77 1460
56 83 1461
55 72 1473
49 77 1474
52 69 1479
51 68 1481
56 55 1489
48 70 1482
46 60 1494
50 51 1499
41 57 1502
38 56 1506
38 45 1517
39 39 1522
33 43 1524
34 42 1524
34 39 1527
27 38 1535
21 37 1542
21 33 1546
24 30 1546
22 26 1552
19 30 1551
20 22 1558
13 25 1562
10 27 1563
10 22 1568
10 19 1571
8 19 1573
10 15 1575
8 16 1576
9 10 1581
6 11 1583
5 10 1585
4 10 1586
3 12 1585
3 9 1588
3 9 1588
3 7 1590
1 9 1590
1 8 1591
1 5 1594
0 4 1596
0 4 1596
0 4 1596
0 4 1596
0 3 1597
0 3 1597
0 3 1597
0 3 1597
0 2 1598
0 2 1598
0 1 1599
0 1 1599
0 1 1599
0 1 1599
0 0 1600
0 0 1600
0 0 1600
0 0 1600
0 0 1600
0 0 1600
0 0 1600
0 0 1600
0 0 1600
0 0 1600
0 0 1600
0 0 1600
0 0 1600
0 0 1600
0 0 1600
0 0 1600
0 0 1600
0 0 1600
0 0 1600
0 0 1600
0 0 1600
0 0 1600
0 0 1600
0 0 1600
0 0 1600
0 0 1600
0 0 1600
0 0 1600
0 0 1600
0 0 1600
0 0 1600
0 0 1600
0 0 1600
0 0 1600
0 0 1600
0 0 1600
0 0 1600
0 0 1600
0 0 1600
0 0 1600
0 0 1600
0 0 1600
0 0 1600
0 0 1600
0 0 1600
0 0 1600
0 0 1600
0 0 1600
0 0 1600
0 0 1600
0 0 1600
0 0 1600
0 0 1600
0 0 1600
0 0 1600
0 0 1600
0 0 1600
0 0 1600
0 0 1600
0 0 1600
0 0 1600
0 0 1600
0 0 1600
0 0 1600
0 0 1600
0 0 1600
0 0 1600
0 0 1600
0 0 1600
0 0 1600
0 0 1600
0 0 1600
0 0 1600
0 0 1600
0 0 1600
0 0 1600
0 0 1600
0 0 1600
0 0 1600
0 0 1600
0 0 1600
0 0 1600
0 0 1600
0 0 1600
0 0 1600
0 0 1600
0 0 1600
0 0 1600
0 0 1600
0 0 1600
0 0 1600
0 0 1600
0 0 1600
0 0 1600
0 0 1600
0 0 1600
0 0 1600
0 0 1600
0 0 1600
0 0 1600
0 0 1600
0 0 1600
0 0 1600
0 0 1600
0 0 1600
0 0 1600
0 0 1600
0 0 1600
0 0 1600
0 0 1600
0 0 1600
0 0 1600
0 0 1600
0 0 1600
0 0 1600
0 0 1600
0 0 1600
0 0 1600
0 0 1600
0 0 1600
0 0 1600
0 0 1600
0 0 1600
0 0 1600
0 0 1600
0 0 1600
0 0 1600
0 0 1600
0 0 1600
0 0 1600
0 0 1600
0 0 1600
0 0 1600
0 0 1600
0 0 1600
0 0 1600
0 0 1600
0 0 1600
0 0 1600
0 0 1600
0 0 1600
0 0 1600
0 0 1600
0 0 1600
0 0 1600
0 0 1600
0 0 1600
0 0 1600
0 0 1600
0 0 1600
0 0 1600
0 0 1600
0 0 1600
0 0 1600
0 0 1600
0 0 1600
0 0 1600
0 0 1600
0 0 1600
0 0 1600
0 0 1600
0 0 1600
0 0 1600
0 0 1600
0 0 1600
0 0 1600
0 0 1600
0 0 1600
0 0 1600
0 0 1600
0 0 1600
0 0 1600
0 0 1600
0 0 1600
0 0 1600
0 0 1600
0 0 1600
0 0 1600
0 0 1600
0 0 1600
0 0 1600
0 0 1600
0 0 1600
0 0 1600
0 0 1600
0 0 1600
0 0 1600
0 0 1600
0 0 1600
0 0 1600
0 0 1600
0 0 1600
0 0 1600
0 0 1600
0 0 1600
0 0 1600
0 0 1600
0 0 1600
0 0 1600
0 0 1600
0 0 1600
0 0 1600
0 0 1600
0 0 1600
0 0 1600
0 0 1600
0 0 1600
0 0 1600
0 0 1600
0 0 1600
0 0 1600
0 0 1600
0 0 1600
0 0 1600
0 0 1600
0 0 1600
0 0 1600
0 0 1600
0 0 1600
0 0 1600
0 0 1600
0 0 1600
0 0 1600
0 0 1600
0 0 1600
0 0 1600
0 0 1600
0 0 1600
0 0 1600
0 0 1600
0 0 1600
0 0 1600
0 0 1600
0 0 1600
0 0 1600
0 0 1600
0 0 1600
0 0 1600
0 0 1600
0 0 1600
0 0 1600
0 0 1600
0 0 1600
0 0 1600
0 0 1600
0 0 1600
0 0 1600
0 0 1600
0 0 1600
0 0 1600
0 0 1600
0 0 1600
0 0 1600
0 0 1600
0 0 1600
0 0 1600
0 0 1600
0 0 1600
0 0 1600
0 0 1600
0 0 1600
0 0 1600
0 0 1600
0 0 1600
0 0 1600
0 0 1600
0 0 1600
0 0 1600
0 0 1600
0 0 1600
0 0 1600
0 0 1600
0 0 1600
0 0 1600
0 0 1600
0 0 1600
0 0 1600
0 0 1600
0 0 1600
0 0 1600
0 0 1600
0 0 1600
0 0 1600
0 0 1600
0 0 1600
0 0 1600
0 0 1600
0 0 1600
0 0 1600
0 0 1600
0 0 1600
0 0 1600
0 0 1600
0 0 1600
0 0 1600
0 0 1600
0 0 1600
0 0 1600
0 0 1600
0 0 1600
0 0 1600
0 0 1600
0 0 1600
0 0 1600
0 0 1600
0 0 1600
0 0 1600
0 0 1600
0 0 1600
0 0 1600
0 0 1600
0 0 1600
0 0 1600
0 0 1600
0 0 1600
0 0 1600
0 0 1600
0 0 1600
0 0 1600
0 0 1600
0 0 1600
0 0 1600
0 0 1600
0 0 1600
0 0 1600
0 0 1600
0 0 1600
0 0 1600
0 0 1600
0 0 1600
0 0 1600
0 0 1600
0 0 1600
0 0 1600
0 0 1600
0 0 1600
0 0 1600
0 0 1600
0 0 1600
0 0 1600
0 0 1600
0 0 1600
0 0 1600
0 0 1600
0 0 1600
0 0 1600
0 0 1600
0 0 1600
0 0 1600
0 0 1600
0 0 1600
0 0 1600
0 0 1600
0 0 1600
0 0 1600
0 0 1600
0 0 1600
0 0 1600
0 0 1600
0 0 1600
0 0 1600
0 0 1600
0 0 1600
0 0 1600
0 0 1600
0 0 1600
0 0 1600
0 0 1600
0 0 1600
0 0 1600
0 0 1600
0 0 1600
0 0 1600
0 0 1600
0 0 1600
0 0 1600
0 0 1600
0 0 1600
0 0 1600
0 0 1600
0 0 1600
0 0 1600
0 0 1600
0 0 1600
0 0 1600
0 0 1600
0 0 1600
0 0 1600
0 0 1600
0 0 1600
0 0 1600
0 0 1600
0 0 1600
0 0 1600
0 0 1600
0 0 1600
0 0 1600
0 0 1600
0 0 1600
0 0 1600
0 0 1600
0 0 1600
0 0 1600
0 0 1600
0 0 1600
0 0 1600
0 0 1600
0 0 1600
0 0 1600
0 0 1600
0 0 1600
0 0 1600
0 0 1600
0 0 1600
0 0 1600
0 0 1600
0 0 1600
0 0 1600
0 0 1600
0 0 1600
0 0 1600
0 0 1600
0 0 1600
0 0 1600
0 0 1600
0 0 1600
0 0 1600
0 0 1600
0 0 1600
0 0 1600
0 0 1600
0 0 1600
0 0 1600
0 0 1600
0 0 1600
0 0 1600
0 0 1600
0 0 1600
0 0 1600
0 0 1600
0 0 1600
0 0 1600
0 0 1600
0 0 1600
0 0 1600
0 0 1600
0 0 1600
0 0 1600
0 0 1600
0 0 1600
0 0 1600
0 0 1600
0 0 1600
0 0 1600
0 0 1600
0 0 1600
0 0 1600
0 0 1600
0 0 1600
0 0 1600
0 0 1600
0 0 1600
0 0 1600
0 0 1600
0 0 1600
0 0 1600
0 0 1600
0 0 1600
0 0 1600
0 0 1600
0 0 1600
0 0 1600
0 0 1600
0 0 1600
0 0 1600
0 0 1600
0 0 1600
0 0 1600
0 0 1600
0 0 1600
0 0 1600
0 0 1600
0 0 1600
0 0 1600
0 0 1600
0 0 1600
0 0 1600
0 0 1600
0 0 1600
0 0 1600
0 0 1600
0 0 1600
0 0 1600
0 0 1600
0 0 1600
0 0 1600
0 0 1600
0 0 1600
0 0 1600
0 0 1600
0 0 1600
0 0 1600
0 0 1600
0 0 1600
0 0 1600
0 0 1600
0 0 1600
0 0 1600
0 0 1600
0 0 1600
0 0 1600
0 0 1600
0 0 1600
0 0 1600
0 0 1600
0 0 1600
0 0 1600
0 0 1600
0 0 1600
0 0 1600
0 0 1600
0 0 1600
0 0 1600
0 0 1600
0 0 1600
0 0 1600
0 0 1600
0 0 1600
0 0 1600
0 0 1600
0 0 1600
0 0 1600
0 0 1600
0 0 1600
0 0 1600
0 0 1600
0 0 1600
0 0 1600
0 0 1600
0 0 1600
0 0 1600
0 0 1600
0 0 1600
0 0 1600
0 0 1600
0 0 1600
0 0 1600
0 0 1600
0 0 1600
0 0 1600
0 0 1600
0 0 1600
0 0 1600
0 0 1600
0 0 1600
0 0 1600
0 0 1600
0 0 1600
0 0 1600
0 0 1600
0 0 1600
0 0 1600
0 0 1600
0 0 1600
0 0 1600
0 0 1600
0 0 1600
0 0 1600
0 0 1600
0 0 1600
0 0 1600
0 0 1600
0 0 1600
0 0 1600
0 0 1600
0 0 1600
0 0 1600
0 0 1600
0 0 1600
0 0 1600
0 0 1600
0 0 1600
0 0 1600
0 0 1600
0 0 1600
0 0 1600
0 0 1600
0 0 1600
0 0 1600
0 0 1600
0 0 1600
0 0 1600
0 0 1600
0 0 1600
0 0 1600
0 0 1600
0 0 1600
0 0 1600
0 0 1600
0 0 1600
0 0 1600
0 0 1600
0 0 1600
0 0 1600
0 0 1600
0 0 1600
0 0 1600
0 0 1600
0 0 1600
0 0 1600
0 0 1600
0 0 1600
0 0 1600
0 0 1600
0 0 1600
0 0 1600
0 0 1600
0 0 1600
0 0 1600
0 0 1600
0 0 1600
0 0 1600
0 0 1600
0 0 1600
0 0 1600
0 0 1600
0 0 1600
0 0 1600
0 0 1600
0 0 1600
0 0 1600
0 0 1600
0 0 1600
0 0 1600
0 0 1600
0 0 1600
0 0 1600
0 0 1600
0 0 1600
0 0 1600
0 0 1600
0 0 1600
0 0 1600
0 0 1600
0 0 1600
0 0 1600
0 0 1600
0 0 1600
0 0 1600
0 0 1600
0 0 1600
0 0 1600
0 0 1600
0 0 1600
0 0 1600
0 0 1600
0 0 1600
